0.482225 -0.875762 0.0223431 0.687687 0.876012 0.482277 -0.00335446 0.551613 -0.00783787 0.0211904 0.999745 0.786409
0.481225 -0.876273 0.0238486 1.06165 0.876564 0.481264 -0.00442097 1.23273 -0.0076035 0.0230323 0.999706 0.787118
0.479126 -0.877481 0.0215872 1.52689 0.877727 0.479134 -0.00514262 2.13687 -0.00583062 0.0214116 0.999754 0.797079
0.47781 -0.878239 0.0198279 1.98474 0.878456 0.477777 -0.00669363 2.98721 -0.00359471 0.0206162 0.999781 0.797968
0.476455 -0.879042 0.0165935 2.38131 0.879197 0.47641 -0.00681625 3.78595 -0.00191352 0.0178366 0.999839 0.790724
0.475093 -0.879834 0.013359 2.77666 0.879936 0.475042 -0.00694391 4.58531 -0.000236622 0.0150541 0.999887 0.784886
0.473983 -0.880424 0.0139155 3.20599 0.880532 0.473961 -0.00502498 5.37699 -0.00217128 0.0146348 0.999891 0.790112
0.47287 -0.881013 0.0144695 3.63432 0.881123 0.472878 -0.00310535 6.16921 -0.00410645 0.0142178 0.999891 0.793596
0.471765 -0.881593 0.0152342 4.0614 0.881708 0.471792 -0.00202582 6.97348 -0.00540142 0.0143878 0.999882 0.798352
0.470623 -0.882193 0.0157868 4.49073 0.882317 0.47065 -0.0021844 7.78 -0.00550302 0.014957 0.999873 0.795507
0.469481 -0.882792 0.0163397 4.91903 0.882925 0.469508 -0.00234226 8.58708 -0.00560388 0.0155263 0.999864 0.792571
0.468735 -0.883183 0.0166132 5.3602 0.883321 0.468763 -0.00240136 9.41403 -0.00566684 0.0158004 0.999859 0.791875
0.46831 -0.883399 0.0170959 5.80772 0.883538 0.468357 -0.00136896 10.2426 -0.00679767 0.015746 0.999853 0.798206
0.468269 -0.883398 0.0182157 6.25562 0.883539 0.468358 0.000717241 11.074 -0.00916507 0.0157584 0.999834 0.80011
0.468225 -0.883398 0.0193353 6.70349 0.883534 0.468358 0.00280343 11.9053 -0.0115324 0.0157708 0.999809 0.799778
0.469484 -0.882678 0.0215561 7.15002 0.882834 0.469667 0.00413203 12.725 -0.0137714 0.0170905 0.999759 0.794978
0.472295 -0.881139 0.0230648 7.58648 0.881347 0.472464 0.00218072 13.5593 -0.0128188 0.0192981 0.999732 0.770994
0.475103 -0.879587 0.0245672 8.02559 0.87985 0.475251 0.000224628 14.3923 -0.0118732 0.0215087 0.999698 0.747922
0.477073 -0.878538 0.0239245 8.45258 0.878817 0.477151 -0.0027052 15.2409 -0.009039 0.0223159 0.99971 0.75383
0.477706 -0.878251 0.0217356 8.896 0.878487 0.477756 -0.00320081 16.1016 -0.00757317 0.0206234 0.999759 0.758274
0.477145 -0.878613 0.0192705 9.38795 0.878765 0.477253 0.00114501 16.992 -0.0102029 0.0163879 0.999814 0.756526
0.476427 -0.878928 0.0224179 9.8814 0.879106 0.476613 0.00349255 17.8544 -0.0137543 0.0180437 0.999743 0.739407
0.475644 -0.879106 0.0305957 10.369 0.879511 0.475878 0.000430736 18.7106 -0.0149385 0.0267044 0.999532 0.730577
0.474737 -0.879366 0.0366037 10.8258 0.880027 0.474902 -0.00461308 19.5663 -0.0133266 0.0344023 0.999319 0.738828
0.473385 -0.880061 0.037417 11.276 0.880803 0.473396 -0.00913472 20.4264 -0.00967395 0.0372812 0.999258 0.740564
0.472035 -0.88075 0.0382371 11.7248 0.881559 0.471875 -0.0136548 21.2873 -0.0060167 0.0401538 0.999175 0.745881
0.470288 -0.881913 0.03255 12.2134 0.882478 0.470279 -0.00841368 22.205 -0.00788746 0.0326815 0.999435 0.73177
0.468886 -0.882793 0.0286835 12.7043 0.883202 0.468977 -0.00387498 23.1196 -0.0100311 0.0271502 0.999581 0.716553
0.467789 -0.88339 0.0282119 13.1668 0.883758 0.467942 -0.00133321 24.0153 -0.0120238 0.0255562 0.999601 0.718832
0.466693 -0.883985 0.0277372 13.6282 0.884309 0.466901 0.00120801 24.9116 -0.0140184 0.0239645 0.999615 0.719084
0.466162 -0.884236 0.0286294 14.1016 0.884547 0.466439 0.00348652 25.8007 -0.0164368 0.0236988 0.999584 0.71888
0.465913 -0.884336 0.0295822 14.552 0.884617 0.466274 0.00634937 26.6983 -0.0194084 0.0232107 0.999542 0.716394
0.466147 -0.884243 0.0286494 15.0121 0.884474 0.466524 0.00786973 27.5774 -0.0203244 0.0216712 0.999559 0.702592
0.466321 -0.884198 0.0271798 15.4748 0.884378 0.466688 0.00884823 28.4632 -0.0205081 0.0199111 0.999591 0.702239
0.466587 -0.884102 0.0256781 15.9351 0.884303 0.466873 0.00620064 29.341 -0.0174704 0.0198141 0.999651 0.696742
0.466301 -0.884296 0.0241749 16.3948 0.884485 0.46654 0.00508313 30.2305 -0.0157735 0.019012 0.999695 0.69348
0.465097 -0.884903 0.0251282 16.8516 0.885101 0.465364 0.0057335 31.1247 -0.0167674 0.0195744 0.999668 0.681416
0.46389 -0.885509 0.0260807 17.3072 0.885715 0.464186 0.00638514 32.0195 -0.0177604 0.020138 0.999639 0.668362
0.463685 -0.885601 0.0266024 17.7855 0.885831 0.463974 0.00562446 32.8849 -0.0173238 0.0209572 0.99963 0.68071
0.463622 -0.885748 0.022465 18.2306 0.885944 0.463786 0.00244228 33.7732 -0.0125822 0.0187704 0.999745 0.67186
0.463226 -0.886005 0.0203927 18.6616 0.886185 0.463331 0.000468296 34.6659 -0.00986349 0.0178548 0.999792 0.654416
0.462702 -0.886252 0.0215291 19.1259 0.886432 0.462853 0.0023369 35.5191 -0.0120359 0.0180028 0.999766 0.656198
0.462509 -0.8863 0.0236232 19.5947 0.886472 0.462748 0.00558578 36.3845 -0.0158823 0.0183578 0.999705 0.649611
0.462131 -0.886455 0.0251427 20.0302 0.886635 0.462419 0.00681282 37.248 -0.0176657 0.019144 0.999661 0.642374
0.462533 -0.886189 0.027073 20.4806 0.886445 0.46281 0.00469766 38.1034 -0.0166927 0.0218259 0.999622 0.656684
0.462151 -0.886351 0.0282583 20.9327 0.886662 0.462408 0.00297009 38.9554 -0.0156994 0.0236829 0.999596 0.668109
0.461599 -0.886606 0.0292502 21.3862 0.88695 0.461859 0.00245658 39.8262 -0.0156875 0.0248095 0.999569 0.65936
0.460623 -0.886983 0.0329795 21.8397 0.8874 0.460984 0.00387374 40.6903 -0.0186389 0.0274816 0.999449 0.636549
0.459626 -0.887305 0.037854 22.2798 0.887807 0.460168 0.00661137 41.5506 -0.0232855 0.0305683 0.999261 0.625473
0.458704 -0.887685 0.0400835 22.7216 0.888188 0.459386 0.00934312 42.3949 -0.0267076 0.031316 0.999153 0.601902
0.457982 -0.888097 0.0391886 23.1446 0.888639 0.458558 0.00673718 43.2591 -0.0239535 0.031739 0.999209 0.613619
0.457322 -0.888562 0.0362446 23.5444 0.889124 0.457665 0.00131446 44.0696 -0.0177558 0.0316248 0.999342 0.625722
0.456479 -0.889133 0.0326869 23.9476 0.889656 0.456619 -0.00351089 44.8809 -0.0118038 0.0306828 0.999459 0.631003
0.455192 -0.889968 0.0275217 24.368 0.890318 0.455338 -0.00106622 45.6924 -0.0115828 0.0249884 0.999621 0.600667
0.454217 -0.890545 0.0248312 24.7769 0.890781 0.454422 0.00301947 46.5016 -0.0139728 0.0207477 0.999687 0.597763
0.453249 -0.891109 0.022136 25.1849 0.891234 0.453489 0.00710233 47.3112 -0.0163674 0.0165092 0.99973 0.592673
0.452671 -0.891392 0.022592 25.5753 0.891524 0.452917 0.00707296 48.0969 -0.0165371 0.0169396 0.99972 0.603733
0.451067 -0.892226 0.0217212 25.9667 0.892332 0.451312 0.00786018 48.8774 -0.0168161 0.015837 0.999733 0.595266
0.449615 -0.892976 0.0209862 26.3504 0.893063 0.449855 0.00834782 49.6353 -0.0168951 0.0149886 0.999745 0.602213
0.4486 -0.893492 0.0207458 26.6994 0.893565 0.448845 0.00895558 50.3695 -0.0173134 0.0145202 0.999745 0.594131
0.447647 -0.89397 0.0207404 27.0566 0.89403 0.447902 0.00966268 51.1057 -0.0179278 0.0142171 0.999738 0.587552
0.446117 -0.894738 0.0205775 27.403 0.894744 0.446406 0.012446 51.8422 -0.0203218 0.0128592 0.999711 0.58135
0.444586 -0.895504 0.0204098 27.748 0.895448 0.444906 0.0152289 52.5794 -0.022718 0.0115054 0.999676 0.573171
0.443392 -0.896088 0.0207324 28.101 0.895972 0.443749 0.0178908 53.3049 -0.0252317 0.010643 0.999625 0.5595
0.44242 -0.896605 0.0190905 28.4391 0.896504 0.442724 0.0166216 53.9794 -0.0233549 0.009761 0.99968 0.562079
0.441475 -0.897142 0.0153848 28.7664 0.897103 0.44166 0.0119024 54.6334 -0.017473 0.00854713 0.999811 0.589124
0.440478 -0.897687 0.0116819 29.0853 0.897686 0.440573 0.00736948 55.2845 -0.0117622 0.00724059 0.999905 0.590823
0.439639 -0.898129 0.00905299 29.3745 0.898126 0.439698 0.00601263 55.9226 -0.00938069 0.00548735 0.999941 0.573805
0.439415 -0.898259 0.00680074 29.6658 0.898205 0.439464 0.00997508 56.538 -0.0119489 0.00172525 0.999927 0.572441
0.438351 -0.898766 0.0081737 29.95 0.898685 0.438423 0.0122482 57.1391 -0.0145918 0.00197655 0.999892 0.572015
0.437046 -0.899356 0.0122499 30.2271 0.899362 0.437147 0.00714913 57.7081 -0.0117846 0.00789259 0.999899 0.589139
0.437485 -0.899103 0.0148595 30.5015 0.89919 0.437556 0.00174062 58.2605 -0.00806687 0.0126 0.999888 0.595243
0.438174 -0.898754 0.0156253 30.7845 0.898882 0.438176 -0.00349024 58.8048 -0.00370975 0.0155746 0.999872 0.600458
0.440855 -0.89746 0.0145923 31.0158 0.897574 0.440846 -0.00402404 59.3303 -0.00282152 0.0148717 0.999885 0.592165
0.444775 -0.895566 0.0117329 31.2772 0.895631 0.444798 -0.000739518 59.8216 -0.00455647 0.0108372 0.999931 0.604851
0.448685 -0.893621 0.0110869 31.5288 0.893659 0.448738 0.00280132 60.3233 -0.00747843 0.00865097 0.999935 0.59783
0.453886 -0.890922 0.01566 31.7848 0.890987 0.454003 0.0047991 60.8558 -0.0113853 0.0117747 0.999866 0.602965
0.460423 -0.887404 0.0229301 32.0381 0.887573 0.46064 0.00502329 61.3263 -0.0150202 0.0180393 0.999724 0.591542
0.469847 -0.882489 0.0213774 32.2739 0.882603 0.47007 0.00671308 61.785 -0.0159731 0.0157136 0.999749 0.618807
0.482381 -0.8758 0.0168348 32.5306 0.875817 0.482562 0.00889357 62.1945 -0.0159128 0.0104541 0.999819 0.632166
0.49779 -0.867212 0.0121738 32.7753 0.867129 0.497921 0.0127298 62.6119 -0.017101 0.00421947 0.999845 0.621043
0.516525 -0.856181 0.012469 33.039 0.856085 0.516662 0.0133733 63.0109 -0.0178922 0.00376683 0.999833 0.622727
0.539195 -0.842034 0.0157655 33.2522 0.841969 0.539385 0.0123672 63.4349 -0.0189172 0.00660572 0.999799 0.609637
0.563659 -0.825806 0.01825 33.5083 0.825743 0.5639 0.0128388 63.7925 -0.0208935 0.00783315 0.999751 0.612188
0.590627 -0.80669 0.0202643 33.7808 0.806612 0.590919 0.0138605 64.1317 -0.0231557 0.00815904 0.999699 0.603321
0.620085 -0.784237 0.0215884 34.0458 0.784139 0.620412 0.0146936 64.4693 -0.0249169 0.00781704 0.999659 0.59557
0.653076 -0.756976 0.021881 34.3048 0.756833 0.653414 0.0159714 64.8244 -0.0263873 0.00612973 0.999633 0.592565
0.687174 -0.726125 0.023139 34.5683 0.725978 0.687537 0.0157691 65.1362 -0.0273593 0.00596231 0.999608 0.5904
0.722567 -0.690951 0.021997 34.8251 0.690759 0.722895 0.0165777 65.4222 -0.0273559 0.00321611 0.999621 0.587567
0.759561 -0.650107 0.0206936 35.1446 0.649914 0.759842 0.0159002 65.6688 -0.0260607 0.00137186 0.999659 0.601431
0.796539 -0.604284 0.0191314 35.4557 0.604099 0.796769 0.0149772 65.8907 -0.0242938 -0.000372655 0.999705 0.600092
0.831833 -0.554697 0.0191055 35.7817 0.554506 0.832051 0.0146568 66.1187 -0.0240268 -0.00159792 0.99971 0.57716
0.865617 -0.500384 0.0179625 36.0884 0.500196 0.865797 0.0141089 66.2856 -0.0226117 -0.00322814 0.999739 0.552619
0.896282 -0.443099 0.0185004 36.4622 0.44295 0.89647 0.0117174 66.4286 -0.021777 -0.00230735 0.99976 0.547165
0.92296 -0.384451 0.018524 36.8497 0.3843 0.92314 0.0112467 66.5538 -0.0214241 -0.00326147 0.999765 0.562938
0.945767 -0.324203 0.0204081 37.2267 0.324019 0.945976 0.0118555 66.6482 -0.0231491 -0.00459991 0.999721 0.569415
0.964493 -0.263134 0.022684 37.5948 0.262899 0.964738 0.0128158 66.7368 -0.0252564 -0.00639709 0.999661 0.561438
0.979086 -0.20199 0.0243092 37.9957 0.201722 0.979356 0.0130638 66.7802 -0.0264461 -0.00788689 0.999619 0.540491
0.98957 -0.14194 0.0245758 38.3624 0.141722 0.989852 0.0104028 66.7897 -0.025803 -0.00681142 0.999644 0.520469
0.996241 -0.0831472 0.0242983 38.7438 0.0830082 0.996527 0.0066735 66.8085 -0.0247688 -0.00463145 0.999682 0.511117
0.999345 -0.027011 0.0240941 39.1381 0.0268471 0.999614 0.00709866 66.8122 -0.0242766 -0.00644716 0.999685 0.543147
0.999341 0.0279742 0.0231145 39.5398 -0.0282253 0.999545 0.010612 66.7687 -0.0228071 -0.0112574 0.999677 0.554388
0.996568 0.0797317 0.0222364 39.9499 -0.0800127 0.996721 0.012048 66.7724 -0.0212029 -0.0137858 0.99968 0.544002
0.991731 0.126684 0.0205359 40.3254 -0.126847 0.991899 0.0068144 66.7093 -0.0195062 -0.00936296 0.999766 0.47663
0.985322 0.169376 0.0212464 40.719 -0.169269 0.985547 -0.00675207 66.6012 -0.0220829 0.00305661 0.999751 0.453788
0.978138 0.20671 0.0227355 41.0983 -0.206499 0.978382 -0.0113025 66.4851 -0.0245803 0.00636059 0.999678 0.479571
0.970307 0.240899 0.0217411 41.5039 -0.240736 0.97054 -0.00986918 66.4146 -0.0234781 0.00434227 0.999715 0.523301
0.961989 0.272332 0.0203229 41.8591 -0.272399 0.962184 0.000522694 66.3528 -0.019412 -0.00603874 0.999793 0.543387
0.95357 0.300564 0.0191053 42.2753 -0.300752 0.95367 0.00782468 66.2128 -0.0158683 -0.0132073 0.999787 0.517788
0.94515 0.326156 0.0177008 42.6062 -0.32633 0.945222 0.00796401 66.1133 -0.0141337 -0.0133035 0.999812 0.510866
0.936392 0.350695 0.0135012 42.9633 -0.35077 0.936455 0.00359796 66.0049 -0.0113815 -0.00810493 0.999902 0.48325
0.929008 0.370017 0.00562099 43.3611 -0.370017 0.929024 -0.0011991 65.8422 -0.00566572 -0.000965882 0.999983 0.47959
0.921368 0.38869 -0.000912556 43.733 -0.388691 0.921368 -0.000323287 65.6773 0.000715142 0.000652568 1 0.476049
0.914503 0.40458 0.000224574 44.1722 -0.404578 0.914496 0.00379459 65.4619 0.00132984 -0.00356102 0.999993 0.486841
0.908004 0.418945 0.00372927 44.6222 -0.418957 0.907999 0.0036163 65.2559 -0.00187114 -0.00484602 0.999987 0.478193
0.901554 0.432611 0.00694047 45.06 -0.432636 0.901565 0.00258328 65.0726 -0.00513973 -0.00533166 0.999973 0.482527
0.895851 0.444278 0.00824243 45.4793 -0.444297 0.895879 0.00063672 64.8719 -0.00710134 -0.0042325 0.999966 0.479974
0.890484 0.45495 0.00762218 45.9364 -0.454939 0.890517 -0.00322287 64.628 -0.00825392 -0.000597712 0.999966 0.487277
0.885814 0.464018 0.00445644 46.4023 -0.463986 0.885818 -0.00663446 64.3388 -0.0070261 0.00380917 0.999968 0.484198
0.88221 0.470838 0.00412911 46.8479 -0.470811 0.882213 -0.00618781 64.0989 -0.00655621 0.00351492 0.999972 0.48778
0.878774 0.477221 0.00406859 47.2972 -0.477193 0.878776 -0.0062349 63.8473 -0.00655081 0.00353757 0.999972 0.482927
0.876665 0.481092 0.00285855 47.7781 -0.481066 0.876658 -0.00672641 63.5727 -0.005742 0.00452166 0.999973 0.489808
0.874093 0.485751 0.00281922 48.2632 -0.485728 0.874088 -0.00619756 63.2796 -0.00547471 0.00404787 0.999977 0.481757
0.87188 0.489713 0.00245793 48.8155 -0.489686 0.871869 -0.00719889 62.9808 -0.00566838 0.00507295 0.999971 0.485187
0.870146 0.492788 0.00238213 49.3815 -0.492761 0.870133 -0.00746983 62.6727 -0.00575382 0.00532602 0.999969 0.478225
0.86854 0.495611 0.0028226 49.9521 -0.495583 0.868532 -0.00703874 62.3285 -0.00594 0.0047146 0.999971 0.485994
0.867383 0.497638 0.00190857 50.5225 -0.497601 0.867354 -0.00945567 61.9961 -0.00636091 0.00725198 0.999953 0.471268
0.867018 0.498275 0.00134988 51.0989 -0.498233 0.866975 -0.0108463 61.6486 -0.00657477 0.00873141 0.99994 0.464271
0.867489 0.497454 0.00188243 51.7077 -0.497412 0.867455 -0.010189 61.3129 -0.00670148 0.0079025 0.999946 0.466198
0.868823 0.495122 0.000487473 52.3353 -0.49507 0.868745 -0.0136781 60.948 -0.00719581 0.0116425 0.999906 0.464506
0.870389 0.492363 -0.00165147 52.9743 -0.492312 0.87024 -0.0176349 60.5894 -0.00724559 0.0161623 0.999843 0.462425
0.872331 0.48891 -0.00234807 53.6302 -0.488862 0.872155 -0.0189619 60.2285 -0.00722277 0.0176889 0.999817 0.449084
0.874158 0.485642 -0.00046263 54.2949 -0.485572 0.874015 -0.0178314 59.8677 -0.00825535 0.0158121 0.999841 0.43622
0.876331 0.481709 0.000108648 54.963 -0.48162 0.876175 -0.018983 59.4899 -0.00923949 0.0165831 0.99982 0.421025
0.87847 0.477798 0.000406493 55.6535 -0.477688 0.878286 -0.0206962 59.1155 -0.0102456 0.0179868 0.999786 0.403314
0.880157 0.474654 0.00527556 56.3633 -0.474538 0.880108 -0.0149849 58.729 -0.0117557 0.0106856 0.999874 0.394036
0.882591 0.470126 0.00385295 57.0859 -0.469995 0.88249 -0.0178095 58.3785 -0.0117729 0.0139077 0.999834 0.404899
0.884005 0.46747 0.00242358 57.8158 -0.467395 0.883937 -0.0140703 58.006 -0.00871974 0.0113055 0.999898 0.428003
0.884494 0.46655 0.000766151 58.5686 -0.466533 0.884473 -0.00737321 57.645 -0.00411761 0.00616412 0.999973 0.416027
0.884506 0.466528 0.000328046 59.2563 -0.466523 0.8845 -0.00397343 57.2571 -0.00214387 0.00336148 0.999992 0.432233
0.884766 0.466033 0.0017323 59.9827 -0.466033 0.884767 -0.000323271 56.8956 -0.00168334 -0.000521291 0.999998 0.419896
0.884839 0.465884 0.00335921 60.7425 -0.465886 0.884845 -0.000139378 56.5213 -0.00303731 -0.00144168 0.999994 0.441921
0.884794 0.465964 0.00412313 61.4755 -0.465961 0.884803 -0.00176864 56.1466 -0.00447228 -0.00035634 0.99999 0.442216
0.884955 0.465629 0.00663997 62.1848 -0.465643 0.884972 0.000694439 55.7963 -0.00555284 -0.00370641 0.999978 0.439902
0.885054 0.465438 0.00689827 62.9027 -0.465459 0.885068 0.00175001 55.3989 -0.00529092 -0.00475972 0.999975 0.445695
0.88517 0.465216 0.00694019 63.6286 -0.465241 0.885181 0.00246859 55.0043 -0.00499489 -0.00541398 0.999973 0.448282
0.884876 0.465779 0.00668865 64.4043 -0.465813 0.884868 0.00515237 54.6588 -0.00351871 -0.00767487 0.999964 0.473082
0.883442 0.468492 0.00674037 65.1075 -0.468529 0.883431 0.00553233 54.3114 -0.0033628 -0.00804555 0.999962 0.473501
0.881803 0.471533 0.00892429 65.8398 -0.471595 0.881789 0.0068541 53.917 -0.0046374 -0.0102526 0.999937 0.473179
0.879064 0.476528 0.0129612 66.5655 -0.476647 0.879055 0.00838674 53.5304 -0.0073971 -0.0135504 0.999881 0.482201
0.876197 0.481717 0.0150728 67.3204 -0.481868 0.876201 0.00865632 53.1234 -0.00903693 -0.0148478 0.999849 0.476094
0.872492 0.488402 0.0148598 68.0618 -0.488542 0.872505 0.00782457 52.703 -0.00914371 -0.0140865 0.999859 0.484644
0.868183 0.496033 0.014476 68.8281 -0.496171 0.868186 0.0082269 52.2999 -0.00848707 -0.0143251 0.999861 0.507023
0.863248 0.504601 0.0134228 69.5404 -0.504715 0.863258 0.00694383 51.8517 -0.00808344 -0.0127689 0.999886 0.510603
0.85823 0.51301 0.0161701 70.2279 -0.513184 0.858228 0.00930231 51.4629 -0.00910544 -0.0162818 0.999826 0.510524
0.852106 0.523098 0.0168423 70.9011 -0.523283 0.852109 0.0092747 51.1084 -0.00949993 -0.0167163 0.999815 0.514056
0.846073 0.532793 0.0171008 71.5976 -0.532968 0.846099 0.00784741 50.6614 -0.0102879 -0.0157537 0.999823 0.510885
0.839916 0.542452 0.0169281 72.2846 -0.542623 0.83994 0.00773864 50.236 -0.0100208 -0.0156854 0.999827 0.536046
0.833749 0.551883 0.0169443 72.94 -0.552063 0.833759 0.00850046 49.8059 -0.00943621 -0.0164416 0.99982 0.529269
0.827887 0.560652 0.0165127 73.5709 -0.560831 0.82788 0.00916789 49.3587 -0.00853056 -0.0168508 0.999822 0.535078
0.822222 0.568931 0.01635 74.2017 -0.569115 0.822194 0.0102291 48.9122 -0.00762319 -0.0177156 0.999814 0.531678
0.816839 0.576679 0.0147127 74.8085 -0.576824 0.816821 0.00875144 48.4791 -0.00697086 -0.0156351 0.999853 0.532215
0.811204 0.584577 0.0147434 75.393 -0.584732 0.811162 0.0101769 48.0652 -0.00601014 -0.0168765 0.99984 0.534778
0.805961 0.591794 0.0143789 75.9604 -0.591941 0.805922 0.0098002 47.6371 -0.00578854 -0.01641 0.999849 0.544082
0.800629 0.598964 0.0153373 76.574 -0.599127 0.800592 0.00996552 47.1697 -0.00630995 -0.0171677 0.999833 0.549751
0.795842 0.605329 0.0145784 77.2001 -0.605453 0.795857 0.00620711 46.7113 -0.00784494 -0.0137664 0.999874 0.555966
0.792139 0.610162 0.0147912 77.8223 -0.610274 0.792179 0.00431625 46.2357 -0.00908366 -0.0124457 0.999881 0.567241
0.790073 0.612777 0.0169713 78.3696 -0.612917 0.790136 0.00426988 45.8064 -0.0107931 -0.0137755 0.999847 0.568228
0.789137 0.613981 0.0170377 78.9418 -0.614084 0.78924 0.00102463 45.3583 -0.0128178 -0.0112712 0.999854 0.57015
0.787345 0.616258 0.0177241 79.4919 -0.616359 0.787465 0.000255158 44.9376 -0.0137999 -0.0111253 0.999843 0.546711
0.787141 0.616563 0.0160853 80.0115 -0.616618 0.78726 -0.00189179 44.5644 -0.0138297 -0.00842935 0.999869 0.555857
0.787804 0.61573 0.0155434 80.526 -0.615794 0.787907 -0.000834473 44.1507 -0.0127606 -0.00891414 0.999879 0.563712
0.790048 0.612903 0.0131639 81.0436 -0.612936 0.79013 -0.00185049 43.7205 -0.0115354 -0.00660664 0.999912 0.574796
0.792832 0.609316 0.0122783 81.5562 -0.609351 0.7929 -0.00112421 43.3304 -0.0104205 -0.00659048 0.999924 0.571939
0.797217 0.603569 0.0122182 82.0504 -0.603612 0.797278 -0.000166683 42.9753 -0.00984193 -0.0072422 0.999925 0.578515
0.804427 0.59391 0.0129992 82.5233 -0.593979 0.804479 0.00187619 42.6186 -0.00934332 -0.00923053 0.999914 0.572582
0.812415 0.58293 0.0132103 82.9668 -0.583006 0.812464 0.00245423 42.2932 -0.00930228 -0.00969555 0.99991 0.581216
0.822237 0.569018 0.0120157 83.4464 -0.569086 0.822273 0.00292148 41.9797 -0.00821782 -0.00924013 0.999924 0.585344
0.833731 0.552068 0.0106724 83.9293 -0.552145 0.833723 0.00644531 41.7084 -0.00533955 -0.0112663 0.999922 0.592277
0.847213 0.531163 0.00984606 84.3724 -0.531244 0.847164 0.00966006 41.3877 -0.00321016 -0.0134148 0.999905 0.600429
0.861505 0.5077 0.00712008 84.8682 -0.507748 0.861449 0.00983522 41.186 -0.00114025 -0.0120883 0.999926 0.610881
0.877601 0.47935 0.00632269 85.3858 -0.47939 0.877558 0.00883367 40.9185 -0.00131411 -0.0107835 0.999941 0.608998
0.895037 0.445936 0.0070796 85.8989 -0.445984 0.895003 0.00820417 40.7137 -0.00267773 -0.0105004 0.999941 0.588644
0.912666 0.408566 0.0107101 86.3892 -0.408655 0.912654 0.00797597 40.55 -0.0065159 -0.0116561 0.999911 0.587128
0.930223 0.366747 0.0134917 86.88 -0.366873 0.930233 0.00843096 40.3481 -0.00945839 -0.0127924 0.999873 0.575775
0.947122 0.320447 0.0165686 87.3753 -0.320617 0.947168 0.00884919 40.2056 -0.0128576 -0.0136934 0.999824 0.590496
0.962277 0.271289 0.0206323 87.9202 -0.271557 0.962354 0.0114746 40.155 -0.0167426 -0.0166446 0.999721 0.579641
0.975889 0.217154 0.022024 88.4143 -0.217457 0.975991 0.0124152 40.1346 -0.0187992 -0.0169052 0.99968 0.561912
0.987426 0.157066 0.0178684 88.9179 -0.157219 0.987536 0.00745299 40.1106 -0.0164751 -0.0101685 0.999813 0.585232
0.995654 0.0918456 0.0153818 89.4425 -0.0919508 0.995744 0.00627214 40.0843 -0.0147403 -0.00765926 0.999862 0.618456
0.999638 0.0246859 0.0107199 89.8977 -0.0247335 0.999685 0.00433081 40.1142 -0.0106096 -0.00459439 0.999933 0.620387
0.998975 -0.0448879 0.00590602 90.4021 0.0448493 0.998973 0.00650829 40.1547 -0.0061921 -0.00623673 0.999961 0.606869
0.993472 -0.114044 0.0025803 90.8943 0.114022 0.993448 0.00769977 40.2707 -0.00344151 -0.0073553 0.999967 0.604481
0.983159 -0.182753 0.000493196 91.3487 0.182745 0.983137 0.00683062 40.3962 -0.00173319 -0.00662545 0.999977 0.592065
0.968145 -0.250388 0.00044407 91.7599 0.250384 0.968137 0.00443244 40.5255 -0.00153975 -0.00418006 0.99999 0.578847
0.948775 -0.315933 0.00359086 92.2162 0.315913 0.948774 0.00514233 40.7148 -0.00503154 -0.00374451 0.99998 0.602268
0.925031 -0.379808 0.0079755 92.6397 0.379783 0.925065 0.00448883 40.9253 -0.00908275 -0.00112335 0.999958 0.596704
0.897737 -0.440308 0.01402 93.046 0.440238 0.897846 0.00789602 41.1397 -0.0160645 -0.000916396 0.999871 0.614312
0.868123 -0.496006 0.0184499 93.4494 0.495881 0.868319 0.011119 41.3943 -0.0215355 -0.000503728 0.999768 0.586276
0.837784 -0.545574 0.0216057 93.8014 0.545349 0.838062 0.0157237 41.6523 -0.0266853 -0.00139044 0.999643 0.578859
0.808758 -0.587738 0.0217872 94.1356 0.587441 0.809047 0.0188645 41.9217 -0.0287143 -0.00245813 0.999585 0.579644
0.781946 -0.623009 0.0204904 94.4999 0.622566 0.78219 0.0243158 42.208 -0.0311763 -0.00625703 0.999494 0.587128
0.757981 -0.65205 0.0171801 94.8323 0.651583 0.758127 0.026139 42.5416 -0.0300687 -0.0086186 0.999511 0.573953
0.737276 -0.675462 0.0132292 95.1342 0.675037 0.737323 0.0260794 42.8773 -0.0273699 -0.0102975 0.999572 0.512828
0.721068 -0.692675 0.016212 95.4587 0.692332 0.721233 0.0223418 43.1475 -0.0271682 -0.00488586 0.999619 0.517559
0.70932 -0.704641 0.0186163 95.8221 0.70433 0.709562 0.0209969 43.4908 -0.0280047 -0.00178149 0.999606 0.512523
0.700673 -0.713299 0.0161855 96.1496 0.712929 0.700843 0.0235026 43.8974 -0.0281078 -0.0049285 0.999593 0.516476
0.693165 -0.72067 0.0125468 96.4922 0.720209 0.693204 0.0276812 44.2777 -0.0286465 -0.0101513 0.999538 0.503519
0.689159 -0.724564 0.00822251 96.8442 0.724099 0.689054 0.0297596 44.6543 -0.0272285 -0.0145552 0.999523 0.477793
0.687117 -0.726543 0.00210868 97.173 0.726149 0.686835 0.0310671 45.0864 -0.0240199 -0.0198155 0.999515 0.473657
0.687565 -0.726118 -0.00268933 97.5133 0.725831 0.687178 0.0309107 45.4856 -0.0205968 -0.0232051 0.999519 0.455773
0.689848 -0.723947 -0.00303688 97.8741 0.723726 0.68952 0.0279649 45.8816 -0.0181512 -0.0214895 0.999604 0.424479
0.692196 -0.721706 -0.00223839 98.3034 0.72161 0.692046 0.0187647 46.3036 -0.0119936 -0.0146041 0.999821 0.441491
0.694896 -0.719085 -0.00599286 98.741 0.719074 0.694754 0.0158216 46.747 -0.00721352 -0.0153037 0.999857 0.450467
0.699065 -0.715002 -0.00893338 99.1374 0.715014 0.698831 0.0197608 47.1869 -0.00788612 -0.0202016 0.999765 0.458477
0.702988 -0.711128 -0.010199 99.5386 0.711114 0.702606 0.0257262 47.6202 -0.0111288 -0.0253378 0.999617 0.421676
0.706069 -0.708093 -0.00838625 99.9746 0.707968 0.705582 0.0305775 48.0608 -0.0157345 -0.027527 0.999497 0.412561
0.708588 -0.705617 -0.00279605 100.422 0.705336 0.708181 0.0313131 48.5111 -0.0201149 -0.0241602 0.999506 0.387646
0.711072 -0.703114 0.0027968 100.87 0.702692 0.710773 0.0320279 48.9598 -0.0245072 -0.0208089 0.999483 0.359956
0.713164 -0.700967 0.00656903 101.348 0.700537 0.713004 0.0295495 49.4052 -0.025397 -0.0164718 0.999542 0.346132
0.714044 -0.700037 0.00947589 101.846 0.69971 0.714032 0.0237509 49.8877 -0.0233926 -0.0103288 0.999673 0.330711
0.713282 -0.700832 0.00797512 102.328 0.700672 0.713303 0.0160554 50.3581 -0.0169408 -0.00586408 0.999839 0.352899
0.713394 -0.700761 0.00183143 102.809 0.700679 0.713346 0.0136851 50.8398 -0.0108964 -0.00847959 0.999905 0.346293
0.711211 -0.702964 -0.00453909 103.303 0.702947 0.711103 0.0140841 51.3425 -0.00667286 -0.0132075 0.999891 0.343919
0.709475 -0.704705 -0.00591947 103.826 0.704656 0.709253 0.0204908 51.8613 -0.0102416 -0.0187089 0.999772 0.299863
0.708379 -0.705832 -0.000599677 104.341 0.705629 0.708155 0.0245678 52.3843 -0.0169161 -0.0178264 0.999698 0.30496
0.706483 -0.707705 0.00596947 104.85 0.70736 0.706361 0.0263634 52.8948 -0.0228741 -0.0144027 0.999635 0.287164
0.705125 -0.709074 0.00372901 105.35 0.7087 0.704907 0.0291591 53.4218 -0.0233045 -0.0179181 0.999568 0.300474
0.70344 -0.710755 9.83933e-05 105.923 0.710522 0.703213 0.0254745 53.9828 -0.0181753 -0.0178498 0.999675 0.288114
0.700434 -0.713688 -0.00649164 106.47 0.713604 0.70013 0.0242388 54.5485 -0.0127539 -0.0216101 0.999685 0.268075
0.69772 -0.716338 -0.00687856 106.996 0.716292 0.69747 0.0214584 55.1403 -0.0105738 -0.019899 0.999746 0.268488
0.694302 -0.719646 -0.00741333 107.583 0.719597 0.694022 0.0226635 55.7013 -0.0111647 -0.0210699 0.999716 0.247088
0.691581 -0.72228 -0.005145 108.152 0.722192 0.69134 0.0220899 56.3068 -0.0123981 -0.0189926 0.999743 0.248136
0.690639 -0.723194 -0.00301741 108.677 0.72304 0.690393 0.0238708 56.8917 -0.01518 -0.0186678 0.999711 0.239458
0.689892 -0.723911 -0.00175967 109.22 0.723701 0.689629 0.0258774 57.465 -0.0175194 -0.0191261 0.999664 0.201143
0.689449 -0.724333 0.00144348 109.787 0.724076 0.689255 0.0253152 58.0295 -0.0193315 -0.0164083 0.999678 0.194925
0.689011 -0.724734 0.00494759 110.359 0.72447 0.688918 0.0231553 58.6386 -0.0201899 -0.0123698 0.99972 0.171871
0.689166 -0.724588 0.00486306 110.916 0.724353 0.689088 0.0217136 59.2335 -0.0190845 -0.0114417 0.999752 0.183556
0.689628 -0.724163 -0.000917867 111.5 0.723971 0.689414 0.0239776 59.8611 -0.0167309 -0.0172001 0.999712 0.181776
0.690149 -0.723632 -0.00715699 112.072 0.723521 0.689776 0.0269742 60.4921 -0.0145827 -0.0237944 0.99961 0.186492
0.692355 -0.721463 -0.011663 112.669 0.721407 0.691791 0.0315836 61.1631 -0.014718 -0.0302808 0.999433 0.189151
0.694456 -0.719445 -0.0113859 113.26 0.719349 0.693831 0.03369 61.7951 -0.0163381 -0.0315867 0.999367 0.177367
0.696478 -0.717464 -0.0128325 113.85 0.717412 0.69582 0.0339815 62.4066 -0.0154514 -0.0328736 0.99934 0.161591
0.697734 -0.716225 -0.0137882 114.444 0.716224 0.697104 0.0326914 63.0149 -0.0138026 -0.0326853 0.99937 0.161823
0.698709 -0.715336 -0.00999877 115.071 0.71527 0.698235 0.0292777 63.6369 -0.0139619 -0.0276084 0.999521 0.150761
0.698653 -0.715433 -0.00628459 115.704 0.715337 0.698343 0.0246918 64.2643 -0.0132765 -0.0217466 0.999675 0.148381
0.699316 -0.71479 -0.00579781 116.331 0.714691 0.699023 0.0241727 64.9182 -0.0132256 -0.021048 0.999691 0.16173
0.700433 -0.713696 -0.00561523 116.956 0.713553 0.70008 0.0270284 65.5548 -0.015359 -0.0229384 0.999619 0.14897
0.70178 -0.712382 -0.00406761 117.553 0.712119 0.701339 0.0317781 66.1609 -0.0197854 -0.0251979 0.999487 0.104695
0.702561 -0.711621 -0.00192305 118.138 0.71119 0.702036 0.0368101 66.7984 -0.0248448 -0.027229 0.99932 0.090284
0.703681 -0.710492 -0.00588389 118.684 0.71025 0.703166 0.0331902 67.3703 -0.019444 -0.0275343 0.999432 0.108268
0.704514 -0.709602 -0.0112004 119.253 0.709653 0.704229 0.0213267 67.9566 -0.00724582 -0.0229733 0.99971 0.0924096
0.703862 -0.710215 -0.0131519 119.871 0.710336 0.703763 0.0118665 68.5667 0.000827988 -0.0176946 0.999843 0.111813
0.70301 -0.71113 -0.00845529 120.475 0.711149 0.702817 0.0177782 69.1745 -0.00670008 -0.0185112 0.999806 0.13741
0.702037 -0.712125 0.0047946 121.098 0.711744 0.701855 0.0286295 69.8137 -0.0237529 -0.0166864 0.999579 0.0949599
0.701275 -0.712692 0.0168036 121.694 0.711882 0.701342 0.036664 70.4123 -0.0379153 -0.0137494 0.999186 0.0479673
0.700997 -0.713041 0.0132892 122.283 0.712385 0.70098 0.0336955 71.0188 -0.0333417 -0.0141534 0.999344 0.0406027
0.700121 -0.714023 0.00109468 122.845 0.713724 0.699871 0.0279068 71.6404 -0.0206922 -0.0187569 0.99961 0.064238
0.699366 -0.714744 -0.00534058 123.436 0.714652 0.699106 0.0228773 72.218 -0.0126178 -0.0198162 0.999724 0.0296539
0.697947 -0.71613 -0.00525824 124.012 0.716058 0.697723 0.0210704 72.8279 -0.0114203 -0.0184712 0.999764 0.0238336
0.695709 -0.718311 -0.00428264 124.612 0.718195 0.695459 0.0230713 73.4004 -0.013594 -0.0191267 0.999725 0.0415211
0.693053 -0.720867 -0.00528977 125.152 0.720763 0.692781 0.0235644 73.9941 -0.0133222 -0.0201441 0.999708 0.0507821
0.689668 -0.724066 -0.00927845 125.692 0.724034 0.689321 0.024735 74.6214 -0.0115139 -0.0237768 0.999651 0.0525527
0.686781 -0.72673 -0.0139727 126.255 0.726789 0.686306 0.0275829 75.2326 -0.0104558 -0.0290986 0.999522 0.0543276
0.684826 -0.728499 -0.0173943 126.81 0.728632 0.68422 0.0306279 75.8212 -0.0104109 -0.0336488 0.99938 0.0632111
0.683531 -0.729731 -0.016692 127.385 0.729816 0.682863 0.0326569 76.4461 -0.0124324 -0.034504 0.999327 0.0687374
0.68319 -0.730101 -0.0142479 127.964 0.730073 0.682486 0.034726 77.0705 -0.0156295 -0.0341265 0.999295 0.0397322
0.681486 -0.731708 -0.0134325 128.527 0.731647 0.68079 0.0348965 77.668 -0.0163894 -0.0336094 0.999301 0.0273894
0.679916 -0.733156 -0.0140014 129.069 0.733171 0.679337 0.0310114 78.2639 -0.0132246 -0.0313505 0.999421 0.0221564
0.676522 -0.736334 -0.0114361 129.604 0.736348 0.676149 0.0247937 78.8542 -0.0105239 -0.0251944 0.999627 0.0407698
0.671885 -0.740562 -0.0117585 130.154 0.740591 0.671533 0.0238428 79.4496 -0.00976086 -0.0247279 0.999647 0.0428415
0.667272 -0.744752 -0.00961022 130.697 0.744701 0.666891 0.0259967 80.0646 -0.0129521 -0.0245036 0.999616 0.0234472
0.662691 -0.748884 -0.00361994 131.203 0.748604 0.662293 0.0310061 80.6765 -0.0208225 -0.0232574 0.999513 -0.0160819
0.659103 -0.752052 -0.000840187 131.748 0.751543 0.658615 0.0375312 81.2841 -0.027672 -0.0253684 0.999295 -0.0495579
0.656276 -0.754518 -0.00196929 132.292 0.753874 0.655604 0.0430894 81.9029 -0.0312206 -0.0297632 0.999069 -0.0701781
0.652642 -0.75766 -0.00307309 132.809 0.757096 0.651988 0.0414471 82.5309 -0.0293992 -0.0293767 0.999136 -0.0472941
0.647708 -0.761867 -0.00577726 133.324 0.761574 0.647204 0.0336411 83.1518 -0.021891 -0.0261894 0.999417 -0.0264773
0.642769 -0.766009 -0.00884456 133.86 0.765908 0.642369 0.0273333 83.7587 -0.0152561 -0.0243431 0.999587 -0.0370873
0.637283 -0.77057 -0.00960511 134.377 0.770475 0.636855 0.0279878 84.3948 -0.0154495 -0.0252366 0.999562 -0.057784
0.631128 -0.775564 -0.013329 134.886 0.775478 0.630481 0.0335879 85.0699 -0.0176459 -0.0315346 0.999347 -0.0723448
0.624942 -0.780484 -0.017097 135.388 0.780418 0.624031 0.0391566 85.7491 -0.0198921 -0.0378134 0.999087 -0.0890038
0.617954 -0.785891 -0.0225211 135.88 0.786074 0.617049 0.0365886 86.4141 -0.014858 -0.0403134 0.999077 -0.081827
0.611118 -0.791174 -0.0240672 136.39 0.791467 0.610368 0.0321096 87.0672 -0.0107144 -0.0386712 0.999195 -0.121825
0.604459 -0.796271 -0.0241319 136.912 0.796548 0.603663 0.0331959 87.7253 -0.0118654 -0.0392878 0.999157 -0.133793
0.599101 -0.800377 -0.0217824 137.384 0.800457 0.598087 0.0394963 88.4213 -0.0185842 -0.0410981 0.998982 -0.134843
0.592223 -0.805509 -0.0206732 137.875 0.805402 0.590973 0.0455957 89.1035 -0.0245105 -0.043653 0.998746 -0.142567
0.586101 -0.809993 -0.0199372 138.38 0.809801 0.584799 0.0472457 89.7686 -0.0266094 -0.0438359 0.998684 -0.160085
0.580689 -0.813915 -0.0185211 138.874 0.81361 0.579362 0.0487639 90.4886 -0.0289593 -0.0433856 0.998639 -0.16146
0.576968 -0.816563 -0.0182196 139.34 0.816269 0.575695 0.0477625 91.1359 -0.0285122 -0.0424295 0.998693 -0.182676
0.573116 -0.819143 -0.0233189 139.815 0.819102 0.571764 0.0464591 91.8273 -0.0247237 -0.045727 0.998648 -0.165855
0.570192 -0.820925 -0.0310436 140.264 0.821294 0.568764 0.0445305 92.526 -0.0188997 -0.0508868 0.998526 -0.186698
0.567576 -0.822581 -0.0348996 140.728 0.82319 0.566222 0.0418292 93.2049 -0.014647 -0.0524703 0.998515 -0.227132
0.565144 -0.824304 -0.0337031 141.185 0.824752 0.563523 0.0471798 93.9361 -0.019898 -0.0544601 0.998318 -0.224985
0.562647 -0.826158 -0.0298489 141.639 0.826181 0.560652 0.0556243 94.6168 -0.0292196 -0.0559574 0.998006 -0.254791
0.560225 -0.827884 -0.0275036 142.147 0.827609 0.558027 0.0605746 95.3536 -0.034801 -0.0566977 0.997785 -0.285004
0.556206 -0.830706 -0.0237234 142.599 0.830293 0.554263 0.0583631 95.9975 -0.0353336 -0.0521592 0.998013 -0.298192
0.551898 -0.83375 -0.0164147 143.024 0.833482 0.550875 0.0429364 96.6831 -0.0267557 -0.0373779 0.998943 -0.300364
0.546068 -0.837543 -0.0182071 143.452 0.837466 0.545204 0.0374527 97.3489 -0.0214417 -0.0356996 0.999133 -0.306367
0.540033 -0.841239 -0.0260972 143.899 0.841368 0.538805 0.0422961 98.0569 -0.0215199 -0.0447986 0.998764 -0.323748
0.533971 -0.845118 -0.0255084 144.339 0.845086 0.532519 0.0474593 98.7459 -0.026525 -0.0468987 0.998547 -0.356507
0.527725 -0.849144 -0.0214663 144.781 0.848848 0.526281 0.0498505 99.4576 -0.031033 -0.044529 0.998526 -0.356224
0.52279 -0.852361 -0.0130696 145.223 0.85174 0.521655 0.0491426 100.141 -0.0350694 -0.0368231 0.998706 -0.410603
0.5176 -0.855595 -0.00691906 145.645 0.854901 0.516815 0.0452463 100.852 -0.0351366 -0.0293346 0.998952 -0.411643
0.512135 -0.858905 0.000255944 146.081 0.858312 0.511793 0.0370062 101.574 -0.0319158 -0.0187325 0.999315 -0.367672
0.506301 -0.862352 0.00272349 146.488 0.862101 0.506226 0.0227496 102.295 -0.0209969 -0.00917026 0.999738 -0.400764
0.500064 -0.865984 0.00268548 146.957 0.865838 0.500032 0.017095 103.022 -0.0161469 -0.00622342 0.99985 -0.42453
0.494378 -0.869247 -0.000471921 147.393 0.869009 0.49423 0.0236771 103.789 -0.020348 -0.0121155 0.99972 -0.449506
0.489835 -0.871815 -0.000201808 147.808 0.871202 0.489482 0.0376125 104.58 -0.0326924 -0.0185997 0.999292 -0.48235
0.48627 -0.873809 -9.2607e-05 148.248 0.872887 0.485752 0.0459698 105.34 -0.0401239 -0.0224346 0.998943 -0.510964
0.483248 -0.875482 0.00181854 148.646 0.874515 0.48281 0.0460303 106.083 -0.0411767 -0.0206537 0.998938 -0.498301
0.48123 -0.876592 -0.00197348 149.048 0.87603 0.480839 0.036949 106.849 -0.0314403 -0.0195098 0.999315 -0.498014
0.478674 -0.877902 -0.0126237 149.412 0.877736 0.478137 0.0310499 107.636 -0.021223 -0.025943 0.999438 -0.520829
0.476472 -0.879014 -0.0175675 149.773 0.878999 0.475857 0.0303541 108.327 -0.0183221 -0.0299047 0.999385 -0.552655
0.474815 -0.880028 -0.0100261 150.17 0.879812 0.474353 0.0303192 109.052 -0.0219259 -0.0232171 0.99949 -0.575612
0.474332 -0.880333 -0.0047005 150.601 0.879834 0.473867 0.0366425 109.803 -0.0300302 -0.0215164 0.999317 -0.609618
0.474445 -0.880268 -0.00548267 150.995 0.879563 0.473794 0.043466 110.551 -0.0356641 -0.0254446 0.99904 -0.642186
0.472737 -0.881179 -0.00653556 151.375 0.880495 0.472048 0.0435755 111.33 -0.0353127 -0.0263543 0.999029 -0.648816
0.471086 -0.882043 -0.00885335 151.78 0.881626 0.47049 0.0370821 112.071 -0.0285426 -0.0252742 0.999273 -0.644477
0.469209 -0.883039 -0.00925443 152.191 0.882909 0.468878 0.025018 112.759 -0.0177526 -0.0199095 0.999644 -0.643418
0.467666 -0.883905 -4.87082e-06 152.58 0.883814 0.467617 0.0143731 113.556 -0.0127022 -0.00672611 0.999897 -0.665218
0.466623 -0.884456 -0.000231427 153.004 0.884326 0.46655 0.0173015 114.343 -0.0151944 -0.00827793 0.99985 -0.68142
0.465298 -0.885153 -0.0016378 153.39 0.884773 0.465043 0.0301895 115.091 -0.0259607 -0.0154962 0.999543 -0.708864
0.463977 -0.885847 -0.000184018 153.736 0.88533 0.463699 0.0342585 115.894 -0.0302625 -0.0160581 0.999413 -0.72401
0.463069 -0.886322 0.00075467 154.148 0.885874 0.462862 0.0314103 116.625 -0.0281889 -0.0138766 0.999506 -0.705651
0.463405 -0.886143 -0.00269278 154.525 0.885874 0.463185 0.0262226 117.333 -0.0219897 -0.0145371 0.999653 -0.717325
0.463011 -0.886294 -0.0101674 154.895 0.886108 0.462584 0.028783 118.12 -0.020807 -0.0223363 0.999534 -0.751345
0.462097 -0.886741 -0.012492 155.327 0.886528 0.461528 0.0325498 118.942 -0.0230978 -0.0261156 0.999392 -0.778378
0.461692 -0.886959 -0.0120004 155.686 0.886631 0.461026 0.0366116 119.639 -0.0269405 -0.0275432 0.999258 -0.751127
0.461496 -0.887073 -0.0110937 156.043 0.886655 0.460791 0.0389111 120.408 -0.0294051 -0.0277936 0.999181 -0.791337
0.461091 -0.88729 -0.0106051 156.431 0.886856 0.460399 0.0389906 121.158 -0.0297133 -0.0273834 0.999183 -0.784234
0.46064 -0.88751 -0.0116652 156.809 0.887186 0.459998 0.0360816 121.873 -0.0266568 -0.0269699 0.999281 -0.780931
0.459332 -0.888056 -0.0192635 157.173 0.888002 0.458561 0.0342805 122.585 -0.0216095 -0.0328521 0.999227 -0.808518
0.457972 -0.888727 -0.0206291 157.571 0.888704 0.457149 0.0349417 123.332 -0.0216231 -0.0343355 0.999176 -0.815907
0.456567 -0.889527 -0.0169956 157.901 0.889193 0.455592 0.0420845 124.081 -0.0296922 -0.0343268 0.998969 -0.856129
0.45507 -0.890392 -0.010594 158.277 0.889667 0.454135 0.0474813 124.778 -0.0374658 -0.0310325 0.998816 -0.906514
0.454527 -0.890728 -0.00286765 158.687 0.889811 0.453908 0.0469568 125.476 -0.0405241 -0.0238948 0.998893 -0.877779
0.454334 -0.890817 -0.00507105 158.968 0.890109 0.45373 0.0428345 126.159 -0.0358568 -0.023975 0.999069 -0.852049
0.454466 -0.890732 -0.007568 159.297 0.890234 0.453887 0.0383405 126.772 -0.0307161 -0.0241618 0.999236 -0.880424
0.455597 -0.890139 -0.00919387 159.603 0.889848 0.455115 0.0322629 127.43 -0.0245342 -0.02288 0.999437 -0.882387
0.45568 -0.890107 -0.00810518 159.945 0.889897 0.45532 0.0276816 128.076 -0.0209491 -0.0198267 0.999584 -0.909793
0.458271 -0.888783 -0.00721855 160.235 0.888665 0.458031 0.0219415 128.676 -0.0161949 -0.01647 0.999733 -0.916768
0.462148 -0.886768 -0.00780639 160.548 0.886659 0.461897 0.0220568 129.269 -0.0159536 -0.0171151 0.999726 -0.903986
0.46703 -0.884227 -0.00506806 160.837 0.884004 0.466764 0.0258311 129.875 -0.0204749 -0.0165441 0.999653 -0.890539
0.472604 -0.881274 -0.00160918 161.167 0.88083 0.472306 0.0326332 130.465 -0.0279987 -0.01684 0.999466 -0.907749
0.47776 -0.87849 -0.000877675 161.477 0.877887 0.477395 0.0375289 131.062 -0.0325498 -0.0187003 0.999295 -0.931341
0.483176 -0.875508 -0.00515871 161.776 0.87496 0.482646 0.0386983 131.653 -0.0313909 -0.0232118 0.999238 -0.953851
0.490091 -0.871653 -0.00560339 162.07 0.871334 0.489713 0.0309486 132.221 -0.0242324 -0.0200501 0.999505 -0.950083
0.496334 -0.868072 -0.0101943 162.427 0.86798 0.495994 0.0244896 132.823 -0.0162025 -0.0210035 0.999648 -0.950485
0.502803 -0.864277 -0.0146559 162.737 0.864334 0.502481 0.0209823 133.41 -0.0107702 -0.0232176 0.999672 -0.948795
0.509054 -0.860576 -0.0165051 163.042 0.860648 0.508638 0.023913 133.977 -0.0121838 -0.0263781 0.999578 -0.957638
0.51361 -0.857943 -0.0118208 163.409 0.857851 0.513181 0.0271317 134.532 -0.0172112 -0.0240756 0.999562 -0.964095
