0.50502 -0.862377 0.0355041 0.712368 0.86278 0.505535 0.00678203 0.541586 -0.0237972 0.0272072 0.999346 0.771262
0.504487 -0.862693 0.0354225 0.76413 0.863091 0.505002 0.0068813 0.627077 -0.0238249 0.0271013 0.999349 0.767835
0.503012 -0.863594 0.0344107 0.866627 0.863965 0.503504 0.00694088 0.79828 -0.0233201 0.0262383 0.999384 0.755616
0.499841 -0.86554 0.0315992 1.00139 0.865849 0.500261 0.00661411 1.06097 -0.0215326 0.0240541 0.999479 0.737003
0.495862 -0.867843 0.0311366 1.1693 0.868144 0.496269 0.00655915 1.33577 -0.0211445 0.0237786 0.999494 0.731702
0.491767 -0.870197 0.0303862 1.35441 0.870484 0.492154 0.00645707 1.65184 -0.0205736 0.0232753 0.999517 0.725149
0.486812 -0.873067 0.0277078 1.5601 0.873276 0.487167 0.00751525 2.01277 -0.0200596 0.020538 0.999588 0.719238
0.481861 -0.875882 0.0253306 1.81432 0.876018 0.482195 0.00895812 2.46107 -0.0200605 0.0178735 0.999639 0.710294
0.477107 -0.878517 0.0240052 2.11361 0.878598 0.477443 0.0106909 2.99871 -0.0208532 0.0159902 0.999655 0.699258
0.472751 -0.88086 0.0243296 2.46011 0.880907 0.473123 0.0125631 3.62445 -0.0225772 0.0154928 0.999625 0.686547
0.4695 -0.882561 0.0256006 2.85596 0.882599 0.469922 0.0138649 4.33691 -0.024267 0.0160855 0.999576 0.676563
0.467786 -0.883442 0.0265826 3.28703 0.883507 0.468225 0.0134706 5.14305 -0.0243472 0.0171845 0.999556 0.658046
0.46687 -0.883885 0.0279087 3.70743 0.88401 0.467315 0.0119891 5.94774 -0.0236391 0.0190742 0.999539 0.647473
0.465744 -0.884451 0.028789 4.1108 0.884596 0.466207 0.011882 6.73172 -0.0239307 0.0199327 0.999515 0.631409
0.464651 -0.884963 0.0306765 4.5077 0.885168 0.46514 0.0110085 7.50496 -0.024011 0.0220387 0.999469 0.617133
0.463202 -0.885751 0.0298074 4.89768 0.88597 0.463642 0.00966811 8.27109 -0.0223835 0.0219301 0.999509 0.599698
0.461867 -0.886527 0.0273693 5.29627 0.886728 0.462221 0.0080687 9.04229 -0.0198038 0.0205425 0.999593 0.587106
0.460472 -0.887372 0.0231368 5.69779 0.887482 0.460759 0.00880725 9.84202 -0.0184758 0.016478 0.999694 0.574327
0.459368 -0.887993 0.0211785 6.09266 0.888052 0.459635 0.00991192 10.6349 -0.0185361 0.0142544 0.999727 0.560602
0.458283 -0.888546 0.0215344 6.50477 0.888584 0.458576 0.011265 11.4308 -0.0198846 0.0139726 0.999705 0.552131
0.456954 -0.889204 0.0225765 6.91632 0.889238 0.457282 0.0122295 12.2482 -0.0211983 0.0144875 0.99967 0.539968
0.455938 -0.889694 0.0237528 7.32945 0.889744 0.456293 0.0123259 13.0622 -0.0218045 0.015514 0.999642 0.530053
0.454622 -0.890361 0.0240164 7.73953 0.890437 0.454966 0.0113222 13.8746 -0.0210075 0.0162377 0.999647 0.512333
0.45349 -0.890936 0.0240664 8.15695 0.891025 0.453826 0.010791 14.7028 -0.0205361 0.0165502 0.999652 0.502606
0.452848 -0.891267 0.0239258 8.5659 0.891348 0.453185 0.0110367 15.5386 -0.0206795 0.0163283 0.999653 0.494773
0.452544 -0.891439 0.0232553 8.97718 0.891472 0.452895 0.0128035 16.3679 -0.0219457 0.0149373 0.999648 0.491001
0.4529 -0.89125 0.023553 9.41338 0.891205 0.453308 0.0162851 17.2077 -0.0251909 0.013615 0.99959 0.474935
0.454134 -0.89058 0.0250832 9.85092 0.890464 0.454629 0.0196696 18.0448 -0.0289209 0.013403 0.999492 0.459729
0.455786 -0.889668 0.0273834 10.2778 0.889537 0.456372 0.021191 18.892 -0.03135 0.0147 0.9994 0.43803
0.457738 -0.888623 0.0287299 10.6934 0.888553 0.458344 0.01986 19.7198 -0.0308162 0.0164374 0.99939 0.417464
0.459274 -0.8878 0.0296351 11.0997 0.8879 0.459809 0.0144922 20.564 -0.0264927 0.0196571 0.999456 0.390643
0.460553 -0.887224 0.0268991 11.5325 0.887368 0.460944 0.0104327 21.4375 -0.0216551 0.0190646 0.999584 0.376717
0.461437 -0.886887 0.0225302 11.9807 0.886949 0.461742 0.0107239 22.3214 -0.019914 0.0150348 0.999689 0.369312
0.461683 -0.886768 0.0221877 12.4364 0.886732 0.46204 0.0150027 23.1756 -0.0235555 0.0127481 0.999641 0.35668
0.460737 -0.887114 0.0273894 12.8912 0.887061 0.461281 0.0185206 24.0208 -0.0290641 0.0157629 0.999453 0.317252
0.45958 -0.88736 0.0371334 13.3639 0.887574 0.460375 0.0163522 24.8972 -0.0316056 0.0254435 0.999177 0.303753
0.458176 -0.887845 0.0424898 13.8204 0.888409 0.458945 0.00999071 25.7986 -0.0283707 0.0331708 0.999047 0.28165
0.456838 -0.888549 0.0421891 14.2738 0.889231 0.45743 0.00507678 26.7116 -0.0238095 0.0351966 0.999097 0.272417
0.455359 -0.889506 0.0377829 14.7117 0.890064 0.455817 0.00406037 27.6045 -0.0208338 0.0317803 0.999278 0.255887
0.453857 -0.890434 0.0337819 15.1544 0.890814 0.454315 0.0069446 28.4777 -0.0215313 0.0269416 0.999405 0.248345
0.452832 -0.891026 0.0318751 15.6124 0.891278 0.453336 0.0104998 29.3595 -0.0238058 0.0236549 0.999437 0.234365
0.451492 -0.891734 0.0310761 16.0469 0.891897 0.452041 0.0133903 30.2459 -0.0259882 0.0216711 0.999427 0.222762
0.45045 -0.892232 0.0318875 16.495 0.892338 0.451079 0.0161145 31.1542 -0.0287617 0.0211957 0.999362 0.198664
0.450033 -0.892444 0.0318477 16.9501 0.892447 0.450731 0.019511 32.0521 -0.0317672 0.0196418 0.999302 0.178411
0.450124 -0.892402 0.0317336 17.3957 0.892301 0.450876 0.0225672 32.9447 -0.034447 0.0181579 0.999242 0.162975
0.44987 -0.892501 0.0325295 17.836 0.892391 0.450663 0.023269 33.8297 -0.0354274 0.018561 0.9992 0.129444
0.450052 -0.892315 0.0350412 18.2869 0.892363 0.450868 0.0201721 34.7187 -0.0337988 0.022191 0.999182 0.087376
0.450109 -0.892309 0.0344448 18.7245 0.892423 0.450851 0.0177273 35.616 -0.0313477 0.0227601 0.999249 0.0538276
0.450173 -0.892386 0.0314731 19.163 0.892439 0.450822 0.0176389 36.5044 -0.0299295 0.0201473 0.999349 0.0435357
0.449331 -0.892825 0.0310713 19.6006 0.892827 0.449996 0.0190716 37.3747 -0.0310096 0.0191719 0.999335 0.0279661
0.447987 -0.893486 0.0314626 20.0254 0.893455 0.448689 0.0203977 38.2515 -0.032342 0.0189725 0.999297 -0.0044739
0.44725 -0.893774 0.0337031 20.4419 0.893834 0.447996 0.0189885 39.1159 -0.0320702 0.0216323 0.999252 -0.0374352
0.446991 -0.893911 0.0334812 20.8693 0.894111 0.447622 0.0141745 39.9875 -0.0276577 0.0236 0.999339 -0.0743065
0.446943 -0.894055 0.0301372 21.3145 0.894221 0.447449 0.012564 40.8771 -0.0247178 0.0213339 0.999467 -0.0909053
0.446637 -0.894306 0.0270493 21.771 0.894345 0.447118 0.0152318 41.7522 -0.0257161 0.0173883 0.999518 -0.106887
0.446336 -0.894458 0.0269966 22.2146 0.894375 0.446887 0.0196203 42.6225 -0.0296139 0.0153878 0.999443 -0.111731
0.445889 -0.894584 0.0300388 22.6316 0.894515 0.446553 0.0207996 43.5052 -0.0320209 0.0175958 0.999332 -0.13147
0.445553 -0.894517 0.0363517 23.0328 0.894696 0.446342 0.0172332 44.3684 -0.0316407 0.0248454 0.99919 -0.17592
0.445472 -0.894394 0.0401753 23.4678 0.894797 0.446273 0.013353 45.216 -0.029872 0.0300003 0.999103 -0.191629
0.44515 -0.894548 0.0403144 23.91 0.894984 0.445925 0.0123844 46.0733 -0.0290557 0.0305678 0.99911 -0.189234
0.444895 -0.894628 0.0413523 24.3396 0.895027 0.445771 0.0146553 46.9385 -0.0315447 0.0304914 0.999037 -0.194028
0.443859 -0.894966 0.0449948 24.7696 0.895338 0.444989 0.018811 47.7956 -0.0368574 0.0319362 0.99881 -0.223262
0.442454 -0.895515 0.0478301 25.1993 0.895823 0.443825 0.0228199 48.6533 -0.0416638 0.0327505 0.998595 -0.262994
0.441749 -0.895877 0.0475582 25.6166 0.896169 0.443116 0.0230273 49.5176 -0.0417034 0.0324478 0.998603 -0.306878
0.44103 -0.896449 0.043257 26.0289 0.896838 0.442036 0.0168969 50.3535 -0.0342684 0.0313425 0.998921 -0.331436
0.440624 -0.896936 0.0368342 26.4284 0.897302 0.441271 0.0113614 51.1664 -0.0264443 0.0280453 0.999257 -0.318078
0.439771 -0.897551 0.0316766 26.8177 0.897774 0.440297 0.0118019 51.9987 -0.0245399 0.0232483 0.999429 -0.326242
0.438863 -0.898102 0.0285135 27.2008 0.89816 0.439389 0.0156742 52.8286 -0.0266055 0.0187309 0.99947 -0.344462
0.437828 -0.898581 0.0293171 27.5862 0.898566 0.438435 0.0188212 53.648 -0.0297661 0.0181029 0.999393 -0.357716
0.436697 -0.899073 0.0310501 27.9744 0.899085 0.43736 0.0190194 54.4392 -0.03068 0.019611 0.999337 -0.380373
0.43516 -0.899758 0.0327468 28.3369 0.899805 0.435876 0.0190499 55.2105 -0.0314138 0.021176 0.999282 -0.400461
0.433804 -0.900447 0.0317727 28.7036 0.900457 0.434502 0.0196513 55.969 -0.0315003 0.0200851 0.999302 -0.420567
0.432528 -0.90106 0.0317905 29.0676 0.901061 0.433233 0.0199513 56.7162 -0.03175 0.0200157 0.999295 -0.435498
0.431077 -0.901747 0.0320138 29.415 0.901726 0.431807 0.0208262 57.4574 -0.0326038 0.01989 0.99927 -0.442346
0.429746 -0.902388 0.0318511 29.7513 0.902289 0.430513 0.0230682 58.1827 -0.0345287 0.0188254 0.999226 -0.461412
0.428701 -0.902949 0.0299699 30.0791 0.902645 0.429482 0.0278668 58.9121 -0.0380339 0.0151056 0.999162 -0.467719
0.427282 -0.903623 0.0299058 30.412 0.903184 0.42811 0.0312961 59.6291 -0.0410829 0.0136381 0.999063 -0.492563
0.42543 -0.904497 0.0299108 30.7418 0.904095 0.426247 0.0304222 60.309 -0.0402661 0.0140997 0.999089 -0.50734
0.424475 -0.905026 0.027355 31.0449 0.904792 0.42512 0.0249857 60.9536 -0.0342419 0.0141448 0.999313 -0.525451
0.42384 -0.905461 0.0223841 31.3313 0.905364 0.424245 0.018216 61.5951 -0.0259902 0.0125451 0.999583 -0.540808
0.423263 -0.905814 0.0186801 31.6237 0.905744 0.423547 0.0153298 62.2361 -0.0217979 0.0104309 0.999708 -0.555344
0.423133 -0.90588 0.0184425 31.9094 0.905763 0.423431 0.0173241 62.8724 -0.0235027 0.00937407 0.99968 -0.558302
0.422006 -0.906359 0.0206088 32.1886 0.906177 0.422392 0.0207167 63.5041 -0.0274817 0.00993265 0.999573 -0.588111
0.420837 -0.906855 0.0225684 32.4628 0.906698 0.421277 0.0205921 64.0814 -0.0281816 0.0117968 0.999533 -0.59567
0.420445 -0.906958 0.0255682 32.7088 0.906986 0.420887 0.0152207 64.61 -0.0245659 0.0167906 0.999557 -0.612083
0.421435 -0.906453 0.0271188 32.9543 0.906648 0.421793 0.00893792 65.1128 -0.0195404 0.0208205 0.999592 -0.631709
0.423866 -0.905326 0.0268653 33.1849 0.905569 0.424157 0.00596844 65.6432 -0.0167985 0.0217985 0.999621 -0.632067
0.427535 -0.903719 0.0225004 33.4225 0.903831 0.427803 0.00864363 66.1699 -0.0174372 0.0166411 0.999709 -0.616503
0.432593 -0.901292 0.023169 33.6698 0.901337 0.432936 0.0125242 66.6939 -0.0213186 0.0154653 0.999653 -0.643325
0.437875 -0.898638 0.0267325 33.9202 0.898654 0.438362 0.016131 67.1821 -0.0262145 0.0169599 0.999512 -0.654201
0.444404 -0.895314 0.0302997 34.1709 0.895308 0.445043 0.0189844 67.6476 -0.0304817 0.0186908 0.999361 -0.641292
0.452974 -0.890971 0.0313964 34.4061 0.890936 0.453673 0.0203427 68.1081 -0.0323685 0.0187574 0.9993 -0.601072
0.465182 -0.884748 0.0287642 34.6162 0.884625 0.465813 0.0213889 68.5617 -0.0323226 0.0154958 0.999357 -0.585351
0.480706 -0.876518 0.0252424 34.8209 0.876288 0.481241 0.022957 69.0029 -0.0322699 0.0110841 0.999418 -0.596546
0.500245 -0.865542 0.0243119 35.0854 0.865241 0.500759 0.0244751 69.3987 -0.0333586 0.00879211 0.999405 -0.637336
0.522492 -0.852218 0.0269596 35.3302 0.851928 0.523088 0.0244356 69.7788 -0.0349267 0.0102003 0.999338 -0.676279
0.546995 -0.836604 0.0298343 35.5896 0.836331 0.547684 0.0243233 70.1351 -0.0366887 0.0116466 0.999259 -0.665568
0.573737 -0.818439 0.0313421 35.8696 0.818116 0.574487 0.0255128 70.4814 -0.0388863 0.0110038 0.999183 -0.644274
0.602124 -0.797735 0.0326508 36.1793 0.797328 0.602932 0.0272333 70.8041 -0.0414111 0.00963558 0.999096 -0.654884
0.632275 -0.774045 0.0329048 36.5033 0.773576 0.633084 0.0280193 71.1013 -0.0425197 0.00773845 0.999066 -0.662375
0.665744 -0.745473 0.0324671 36.8333 0.744938 0.666516 0.0286895 71.3843 -0.0430271 0.00508607 0.999061 -0.677066
0.701961 -0.711576 0.0301777 37.1372 0.710981 0.702609 0.0290896 71.6559 -0.0419026 0.00103598 0.999121 -0.696682
0.739858 -0.672181 0.0279842 37.4473 0.67158 0.740384 0.0285014 71.9343 -0.0398772 -0.00229335 0.999202 -0.714601
0.778148 -0.627481 0.0274525 37.7575 0.626891 0.77862 0.0275329 72.1761 -0.0386515 -0.00421496 0.999244 -0.7258
0.815651 -0.577938 0.0264646 38.067 0.577378 0.816058 0.0261435 72.4018 -0.036706 -0.00604387 0.999308 -0.736669
0.851429 -0.523847 0.0255465 38.3745 0.523313 0.851776 0.0249383 72.6001 -0.0348238 -0.00786433 0.999363 -0.760276
0.884076 -0.466668 0.0251011 38.7014 0.466168 0.884387 0.0233721 72.7671 -0.0331061 -0.00896142 0.999412 -0.782059
0.912849 -0.407503 0.0254557 39.0469 0.406995 0.913143 0.0229337 72.8966 -0.0325903 -0.0105747 0.999413 -0.792116
0.937151 -0.34789 0.0268591 39.3965 0.347342 0.937455 0.0230413 73.0053 -0.033195 -0.0122639 0.999374 -0.790988
0.957435 -0.287169 0.0291761 39.7541 0.286532 0.957766 0.0241541 73.0971 -0.0348802 -0.0147661 0.999282 -0.787904
0.973555 -0.226323 0.0311285 40.1243 0.225612 0.973903 0.0247463 73.1687 -0.0359168 -0.017069 0.999209 -0.793564
0.985656 -0.165809 0.0314505 40.5109 0.165111 0.985991 0.0236548 73.2231 -0.0349321 -0.0181226 0.999225 -0.806691
0.993794 -0.106887 0.030803 40.8883 0.10626 0.99411 0.0213266 73.2328 -0.0329011 -0.0179212 0.999298 -0.826157
0.998288 -0.0501895 0.030043 41.2592 0.0495916 0.998563 0.0203276 73.2284 -0.0310201 -0.0188029 0.999342 -0.831892
0.999567 0.00390997 0.0291706 41.6339 -0.00453315 0.999762 0.0213279 73.2139 -0.0290803 -0.0214509 0.999347 -0.815811
0.99801 0.0562226 0.0285614 42.0144 -0.0568999 0.998104 0.0234817 73.2005 -0.0271871 -0.0250601 0.999316 -0.814074
0.993988 0.105956 0.0275953 42.3692 -0.106582 0.994054 0.0223041 73.1727 -0.0250679 -0.0251112 0.99937 -0.850269
0.987814 0.153223 0.0273076 42.6985 -0.153655 0.988018 0.0144863 73.1123 -0.0247608 -0.0185057 0.999522 -0.883704
0.979966 0.197212 0.027816 43.0632 -0.197419 0.980307 0.00487605 73.0406 -0.0263066 -0.0102698 0.999601 -0.893904
0.97204 0.23308 0.0284996 43.4605 -0.233236 0.972418 0.00221797 72.9845 -0.0271965 -0.00880307 0.999591 -0.873795
0.964285 0.263425 0.0276013 43.8483 -0.263694 0.964584 0.00655536 72.9175 -0.0248969 -0.0135995 0.999597 -0.850544
0.956533 0.290396 0.0267499 44.2328 -0.290854 0.956648 0.015134 72.831 -0.0211954 -0.0222565 0.999528 -0.853845
0.949 0.314266 0.0252074 44.6093 -0.314818 0.948894 0.0221328 72.6999 -0.0169636 -0.0289397 0.999437 -0.857207
0.941646 0.335887 0.0219741 44.9918 -0.33633 0.941509 0.0210521 72.5309 -0.0136177 -0.0272141 0.999537 -0.896174
0.934432 0.355811 0.0153098 45.3999 -0.35604 0.934326 0.0164417 72.3673 -0.00845424 -0.0208146 0.999748 -0.915135
0.927577 0.37354 0.00829201 45.8138 -0.37362 0.927497 0.0125266 72.2016 -0.00301163 -0.0147175 0.999887 -0.914892
0.920907 0.389761 0.00402465 46.2443 -0.389779 0.920806 0.0137087 72.03 0.0016372 -0.0141931 0.999898 -0.880889
0.91445 0.404639 0.00701073 46.685 -0.404699 0.914277 0.0177872 71.8409 0.000787646 -0.0191027 0.999817 -0.872325
0.908297 0.418124 0.0129612 47.1065 -0.418306 0.908118 0.0185012 71.6428 -0.00403447 -0.0222263 0.999745 -0.899065
0.902278 0.430791 0.0177094 47.5407 -0.431079 0.902128 0.0183371 71.4328 -0.00807673 -0.0241793 0.999675 -0.916658
0.897316 0.440991 0.0187283 48 -0.441262 0.897266 0.0142017 71.1938 -0.0105414 -0.0210075 0.999724 -0.915254
0.892787 0.450191 0.0161111 48.4707 -0.45038 0.89277 0.0109708 70.9626 -0.00944453 -0.0170507 0.99981 -0.91182
0.888845 0.458034 0.0126074 48.936 -0.458141 0.888849 0.00740835 70.7351 -0.00781278 -0.0123608 0.999893 -0.918727
0.885948 0.463686 0.0095768 49.4527 -0.463744 0.885954 0.00508417 70.4896 -0.00612715 -0.0089455 0.999941 -0.924479
0.883734 0.467916 0.00827103 49.9651 -0.467959 0.88374 0.00429844 70.2333 -0.00529814 -0.00766918 0.999956 -0.932596
0.881261 0.472543 0.00903132 50.4748 -0.472601 0.881257 0.00591123 69.9713 -0.00516561 -0.00947755 0.999942 -0.941612
0.878738 0.47719 0.0104653 50.9757 -0.477275 0.878716 0.0081633 69.6747 -0.00530062 -0.0121683 0.999912 -0.951154
0.87711 0.480168 0.0107951 51.5166 -0.480261 0.877082 0.00878763 69.3688 -0.00524861 -0.0128922 0.999903 -0.938186
0.875801 0.482553 0.0107612 52.0783 -0.482643 0.875776 0.00846366 69.0452 -0.00534025 -0.0126063 0.999906 -0.947095
0.874863 0.484261 0.0103328 52.643 -0.484344 0.87484 0.00810085 68.7087 -0.00511661 -0.0120918 0.999914 -0.948734
0.874343 0.485218 0.00941182 53.2268 -0.485283 0.874332 0.00662093 68.3797 -0.00501647 -0.0103564 0.999934 -0.949188
0.874542 0.484884 0.00803286 53.8311 -0.484925 0.874546 0.00415946 68.043 -0.00500825 -0.00753295 0.999959 -0.945722
0.875703 0.4828 0.00692663 54.4618 -0.482822 0.875717 0.00185071 67.6979 -0.00517224 -0.004965 0.999974 -0.951669
0.877443 0.479647 0.00566799 55.09 -0.479654 0.877458 -0.000100922 67.3578 -0.00502183 -0.00263012 0.999984 -0.961744
0.879694 0.475514 0.00502833 55.742 -0.475515 0.879707 -0.00118949 67.0159 -0.00498907 -0.00134466 0.999987 -0.975697
0.881881 0.471433 0.00599896 56.4141 -0.47144 0.881898 -0.00031531 66.6589 -0.00543912 -0.00255008 0.999982 -0.984459
0.884129 0.467194 0.00680623 57.1117 -0.467198 0.884152 -0.00102741 66.2891 -0.00649774 -0.0022715 0.999976 -0.993931
0.886081 0.463455 0.00841773 57.7951 -0.463459 0.886117 -0.00151301 65.9333 -0.00816031 -0.00256062 0.999963 -0.995064
0.887565 0.460569 0.0101944 58.5151 -0.46057 0.88762 -0.00237363 65.5816 -0.010142 -0.00258848 0.999945 -0.991528
0.889395 0.457008 0.0109509 59.2511 -0.457017 0.889456 -0.00185936 65.2203 -0.0105901 -0.00335102 0.999938 -0.989734
0.891041 0.453806 0.0103482 59.9873 -0.453842 0.891081 0.00130703 64.8623 -0.00862798 -0.00586108 0.999946 -0.982642
0.891908 0.452132 0.00869111 60.7293 -0.452194 0.891891 0.00718146 64.4961 -0.00450455 -0.0103353 0.999936 -0.971195
0.891986 0.45201 0.00692544 61.4549 -0.452063 0.891903 0.0122154 64.1364 -0.000655331 -0.0140267 0.999901 -0.970169
0.891884 0.452213 0.00681005 62.1989 -0.452262 0.891731 0.0165829 63.7791 0.00142628 -0.01787 0.999839 -1.00411
0.891841 0.452284 0.00759395 62.937 -0.452347 0.891681 0.016917 63.4039 0.000879928 -0.0185224 0.999828 -1.01349
0.891773 0.452385 0.00943233 63.651 -0.452482 0.89163 0.0159811 63.0313 -0.00118051 -0.0185195 0.999828 -0.998083
0.891977 0.45194 0.0112855 64.3803 -0.45207 0.891852 0.0152838 62.6787 -0.00315757 -0.0187346 0.99982 -0.973867
0.892107 0.451652 0.0124839 65.1077 -0.451805 0.891984 0.0153999 62.322 -0.00418002 -0.0193787 0.999803 -0.951448
0.892056 0.451698 0.0143088 65.8624 -0.451903 0.891877 0.0184129 61.9546 -0.00444463 -0.0228916 0.999728 -0.950878
0.89155 0.452628 0.0163478 66.5992 -0.452909 0.891226 0.024296 61.5941 -0.00357249 -0.0290652 0.999571 -0.929832
0.890611 0.454452 0.0168906 67.3355 -0.45476 0.890173 0.0280329 61.2369 -0.00229593 -0.0326476 0.999464 -0.920882
0.888789 0.458005 0.0168946 68.0454 -0.458312 0.888343 0.0282407 60.8719 -0.00207385 -0.032843 0.999458 -0.938005
0.886873 0.461683 0.0174548 68.7683 -0.461998 0.886516 0.025444 60.5024 -0.00372694 -0.0306297 0.999524 -0.936297
0.884073 0.466867 0.0212071 69.4842 -0.467306 0.883693 0.0266753 60.1568 -0.00628675 -0.0334931 0.999419 -0.925203
0.880614 0.47325 0.0235213 70.2068 -0.473767 0.880236 0.0270036 59.782 -0.00792484 -0.0349234 0.999359 -0.913575
0.876334 0.481091 0.0243079 70.9185 -0.481643 0.875909 0.0283305 59.3726 -0.00766197 -0.0365347 0.999303 -0.909097
0.87146 0.489865 0.0242886 71.6199 -0.490424 0.870968 0.0299877 58.9817 -0.0064646 -0.0380448 0.999255 -0.904109
0.866186 0.499139 0.0241167 72.3249 -0.499687 0.865684 0.030087 58.5832 -0.00585988 -0.0381117 0.999256 -0.912083
0.860651 0.508489 0.026824 73.0162 -0.509155 0.86005 0.0327736 58.1762 -0.00640501 -0.0418642 0.999103 -0.903059
0.854564 0.518496 0.0297096 73.6788 -0.519289 0.853922 0.0340054 57.7578 -0.00773806 -0.0444877 0.99898 -0.909374
0.848954 0.52759 0.0304174 74.3428 -0.528408 0.848311 0.033969 57.3345 -0.00788173 -0.0449109 0.99896 -0.904935
0.842863 0.537322 0.029448 75.0093 -0.538087 0.842213 0.0337501 56.9191 -0.0066668 -0.0442923 0.998996 -0.908515
0.837114 0.546258 0.0290283 75.6668 -0.54701 0.836349 0.0360546 56.5136 -0.00458267 -0.0460606 0.998928 -0.919465
0.831457 0.554878 0.028091 76.331 -0.55558 0.830668 0.0363614 56.0854 -0.00315813 -0.0458397 0.998944 -0.924995
0.825992 0.562985 0.0280097 76.9612 -0.563678 0.825147 0.0374037 55.6597 -0.00205443 -0.0466836 0.998908 -0.923655
0.820883 0.570426 0.0276694 77.5749 -0.571096 0.819995 0.0381745 55.228 -0.000913031 -0.0471386 0.998888 -0.892525
0.815888 0.577513 0.0283834 78.1752 -0.578209 0.814955 0.0390177 54.8013 -0.000597984 -0.0482456 0.998835 -0.888911
0.810339 0.585288 0.0280795 78.7852 -0.585961 0.809439 0.0381805 54.3513 -0.000382099 -0.0473926 0.998876 -0.889011
0.805772 0.591609 0.0270164 79.3945 -0.592225 0.804992 0.0354622 53.9066 -0.000768224 -0.0445742 0.999006 -0.876807
0.802388 0.596212 0.026553 79.9851 -0.596799 0.80175 0.0320626 53.4815 -0.00217281 -0.0415734 0.999133 -0.867172
0.799584 0.599938 0.0272049 80.5788 -0.600538 0.799071 0.0289566 53.0295 -0.0043665 -0.0394908 0.99921 -0.839728
0.79833 0.60149 0.0296439 81.1282 -0.602186 0.797842 0.028652 52.6094 -0.0064172 -0.0407249 0.99915 -0.833301
0.797567 0.602524 0.0291782 81.6902 -0.603184 0.797169 0.0262723 52.1835 -0.00743027 -0.0385538 0.999229 -0.839977
0.797848 0.602238 0.0273593 82.2305 -0.602818 0.797502 0.024528 51.7801 -0.00704742 -0.0360623 0.999325 -0.838287
0.797729 0.602498 0.0249693 82.7708 -0.602988 0.797404 0.0234935 51.3791 -0.00575582 -0.0337976 0.999412 -0.847987
0.798822 0.601234 0.0200436 83.3055 -0.601555 0.798576 0.0202045 50.9863 -0.00385872 -0.0281971 0.999595 -0.849417
0.801557 0.597598 0.01956 83.8112 -0.597912 0.801269 0.0216639 50.6066 -0.00272645 -0.02906 0.999574 -0.848189
0.806215 0.591291 0.019816 84.2971 -0.591618 0.805899 0.0227093 50.26 -0.00254185 -0.0300321 0.999546 -0.848452
0.812311 0.582913 0.019066 84.7787 -0.583217 0.812033 0.0214785 49.9142 -0.00296217 -0.0285669 0.999587 -0.841404
0.820192 0.571815 0.0176603 85.2538 -0.572083 0.819921 0.0212197 49.589 -0.00234631 -0.0275074 0.999619 -0.828162
0.829329 0.558513 0.0166439 85.705 -0.558758 0.829053 0.0214654 49.315 -0.00180997 -0.0271017 0.999631 -0.827807
0.840604 0.541443 0.0149663 86.1632 -0.541649 0.840333 0.0213656 49.0431 -0.00100843 -0.0260665 0.99966 -0.825221
0.853045 0.521659 0.0136253 86.6296 -0.521837 0.852764 0.0219042 48.8 -0.000192699 -0.0257955 0.999667 -0.817827
0.866653 0.498742 0.0130305 87.1144 -0.498911 0.866313 0.0242932 48.5887 0.000827495 -0.0275548 0.99962 -0.790108
0.881589 0.471849 0.0125943 87.6255 -0.472016 0.881211 0.025845 48.3862 0.00109674 -0.0287294 0.999587 -0.802069
0.898061 0.439701 0.0122114 88.1245 -0.439871 0.897713 0.0250053 48.1993 3.25236e-05 -0.0278277 0.999613 -0.824845
0.915116 0.402968 0.0133955 88.6089 -0.403181 0.914823 0.0233288 48.044 -0.00285379 -0.0267494 0.999638 -0.847488
0.932111 0.361821 0.0159616 89.0872 -0.36211 0.931863 0.0225181 47.8904 -0.00672653 -0.0267692 0.999619 -0.84666
0.948427 0.316331 0.0205201 89.5841 -0.316773 0.948199 0.0239286 47.7767 -0.0118878 -0.0291948 0.999503 -0.827699
0.963478 0.266735 0.0237208 90.0832 -0.267283 0.963317 0.0240725 47.683 -0.0164297 -0.0295335 0.999429 -0.814169
0.976634 0.213535 0.0242507 90.5812 -0.21408 0.976553 0.0226763 47.6263 -0.0188399 -0.0273381 0.999449 -0.825185
0.987768 0.15438 0.0219346 91.0897 -0.154827 0.987731 0.0204079 47.6211 -0.0185149 -0.0235544 0.999551 -0.828051
0.995807 0.0895885 0.0185013 91.58 -0.0899442 0.995758 0.0193769 47.621 -0.0166869 -0.0209597 0.999641 -0.823676
0.999665 0.0212145 0.0147916 92.0811 -0.0214856 0.9996 0.0184137 47.645 -0.014395 -0.0187254 0.999721 -0.826427
0.998726 -0.0491596 0.0113827 92.5663 0.0489351 0.998617 0.0192259 47.6964 -0.0123121 -0.0186444 0.99975 -0.830601
0.992729 -0.120059 0.00866155 93.0244 0.119857 0.992569 0.0210194 47.7784 -0.0111208 -0.0198284 0.999742 -0.85283
0.981875 -0.189421 0.00642763 93.4721 0.189244 0.981691 0.0216569 47.8811 -0.0104122 -0.020048 0.999745 -0.861091
0.966228 -0.257608 0.00649677 93.9199 0.257423 0.966067 0.0211518 48.0109 -0.0117252 -0.0187651 0.999755 -0.863501
0.946114 -0.323695 0.0094452 94.3513 0.323462 0.946025 0.0202491 48.1844 -0.0154899 -0.0161028 0.99975 -0.866891
0.921976 -0.387016 0.013356 94.7624 0.386704 0.921962 0.0211342 48.3847 -0.020493 -0.0143204 0.999687 -0.87208
0.894283 -0.447169 0.0172498 95.1654 0.446775 0.894363 0.0225259 48.6223 -0.0255005 -0.0124378 0.999597 -0.870592
0.864023 -0.502993 0.0214948 95.548 0.502499 0.864227 0.024613 48.88 -0.0309565 -0.0104651 0.999466 -0.883929
0.832729 -0.553142 0.0244075 95.9248 0.552534 0.833032 0.0276318 49.1411 -0.0356166 -0.00952388 0.99932 -0.864485
0.801844 -0.596964 0.0260976 96.2895 0.596172 0.8022 0.0324686 49.4186 -0.0403181 -0.0104761 0.999132 -0.838795
0.774113 -0.632528 0.0256362 96.6521 0.631456 0.774404 0.0395302 49.7163 -0.0448567 -0.0144128 0.998889 -0.834019
0.749394 -0.661732 0.0228084 97.0047 0.660587 0.749556 0.042307 50.0213 -0.0450921 -0.0166377 0.998844 -0.85464
0.728135 -0.685166 0.0191609 97.3352 0.684098 0.728176 0.042064 50.3416 -0.0427733 -0.0175203 0.998931 -0.915088
0.711498 -0.702455 0.0180823 97.6634 0.701509 0.711559 0.0396023 50.6652 -0.0406854 -0.0154921 0.999052 -0.941529
0.698761 -0.715079 0.0198472 97.9779 0.714285 0.698964 0.0352985 51.0089 -0.0391137 -0.0104887 0.99918 -0.947512
0.690156 -0.723344 0.0214025 98.2958 0.722592 0.690442 0.0339126 51.3799 -0.0393077 -0.00793968 0.999196 -0.937946
0.684075 -0.729175 0.0185604 98.6213 0.728292 0.684214 0.0379717 51.7681 -0.0403873 -0.0124581 0.999106 -0.922972
0.680196 -0.732892 0.0142416 98.9463 0.731974 0.68013 0.0404704 52.1503 -0.0393466 -0.0171033 0.999079 -0.927896
0.678247 -0.734788 0.00819165 99.3104 0.733948 0.677935 0.0415391 52.5563 -0.0360758 -0.0221615 0.999103 -0.936893
0.677992 -0.735059 0.00394644 99.6784 0.734318 0.677532 0.0415738 52.968 -0.033233 -0.0252887 0.999128 -0.974121
0.679904 -0.733293 0.00350817 100.062 0.732654 0.679497 0.0387568 53.3687 -0.0308039 -0.0237807 0.999243 -1.00707
0.683348 -0.730088 0.00271097 100.443 0.729608 0.683025 0.0338993 53.7806 -0.0266011 -0.0211871 0.999421 -1.04353
0.6872 -0.726468 4.71195e-05 100.824 0.72612 0.686873 0.0308998 54.2132 -0.0224801 -0.0212001 0.999523 -1.05125
0.691283 -0.722568 -0.00481476 101.221 0.722262 0.690762 0.0344306 54.6738 -0.0215526 -0.0272788 0.999395 -1.0575
0.695314 -0.718667 -0.00750478 101.618 0.718314 0.694551 0.0403009 55.119 -0.0237505 -0.0334125 0.999159 -1.08286
0.699011 -0.715091 -0.00532735 102.059 0.714592 0.698202 0.0432673 55.5743 -0.0272205 -0.0340513 0.999049 -1.10347
0.701985 -0.712191 0.000892965 102.485 0.711479 0.701338 0.0438403 56.0334 -0.031849 -0.0301399 0.999038 -1.0996
0.704693 -0.709479 0.00690708 102.949 0.708597 0.704245 0.0439288 56.5022 -0.0360309 -0.026062 0.999011 -1.10501
0.706692 -0.707377 0.0142836 103.424 0.706465 0.706596 0.040361 56.946 -0.0386432 -0.018432 0.999083 -1.11212
0.70694 -0.707016 0.0190915 103.894 0.706233 0.707106 0.0351485 57.4114 -0.0383503 -0.0113648 0.9992 -1.13597
0.707136 -0.706798 0.0198815 104.36 0.706365 0.707406 0.0250158 57.8696 -0.0317454 -0.00364598 0.999489 -1.12559
0.70667 -0.707375 0.0154386 104.854 0.70712 0.706833 0.019182 58.3667 -0.0244814 -0.00263841 0.999697 -1.14535
0.705292 -0.708893 0.00584924 105.342 0.70864 0.705222 0.0221642 58.884 -0.0198371 -0.0114872 0.999737 -1.17599
0.703393 -0.710799 0.00168833 105.843 0.71048 0.703144 0.0284105 59.4161 -0.0213813 -0.0187842 0.999595 -1.2215
0.701666 -0.712493 0.00420792 106.367 0.711977 0.701361 0.0343599 59.9448 -0.0274325 -0.0211133 0.999401 -1.24955
0.699672 -0.714404 0.00925018 106.89 0.713663 0.699442 0.0382851 60.4851 -0.033821 -0.0201855 0.999224 -1.27101
0.697624 -0.71633 0.0138664 107.414 0.715515 0.697565 0.0379682 61.0078 -0.0368704 -0.0165659 0.999183 -1.29515
0.6958 -0.718131 0.012241 107.928 0.717424 0.695723 0.0356659 61.5369 -0.0341291 -0.0160344 0.999289 -1.29613
0.693337 -0.720562 0.00862913 108.45 0.720066 0.693227 0.0306863 62.0955 -0.0280933 -0.0150624 0.999492 -1.28933
0.691 -0.72284 0.0045463 108.957 0.722478 0.690829 0.0279236 62.6697 -0.023325 -0.0160106 0.9996 -1.29499
0.688672 -0.725067 0.0030674 109.489 0.724729 0.688469 0.0279157 63.2508 -0.0223525 -0.0170017 0.999606 -1.31719
0.685956 -0.727627 0.00476064 110.048 0.727229 0.685772 0.0292193 63.8222 -0.0245255 -0.0165811 0.999562 -1.37009
0.68343 -0.729993 0.00586164 110.622 0.729489 0.683219 0.0325008 64.4138 -0.0277301 -0.017936 0.999454 -1.40855
0.682404 -0.730947 0.00641786 111.199 0.73035 0.682157 0.035376 65.0152 -0.030236 -0.0194534 0.999353 -1.44696
0.682141 -0.731158 0.00957036 111.768 0.730542 0.682013 0.0341416 65.6006 -0.03149 -0.0162978 0.999371 -1.46422
0.682056 -0.731212 0.01131 112.34 0.730568 0.681984 0.0341851 66.2346 -0.0327098 -0.0150534 0.999352 -1.48201
0.682098 -0.731158 0.012226 112.901 0.73054 0.682073 0.0329726 66.8428 -0.0324472 -0.013559 0.999381 -1.51024
0.682476 -0.73089 0.00523318 113.447 0.730297 0.68218 0.0360005 67.4604 -0.0298823 -0.0207477 0.999338 -1.51456
0.683524 -0.729915 -0.00435414 113.995 0.729428 0.682823 0.0410901 68.0962 -0.0270192 -0.0312621 0.999146 -1.50821
0.68471 -0.728722 -0.0117048 114.561 0.728328 0.683576 0.0475559 68.7171 -0.0266539 -0.0410869 0.9988 -1.52497
0.686971 -0.726574 -0.0127221 115.156 0.726136 0.685666 0.0508817 69.3397 -0.0282462 -0.0441922 0.998624 -1.5456
0.689306 -0.724358 -0.0127674 115.743 0.723898 0.687955 0.0518514 69.9973 -0.0287755 -0.0449837 0.998573 -1.57427
0.690929 -0.722812 -0.0126165 116.338 0.722397 0.689657 0.0501484 70.6446 -0.0275468 -0.0437631 0.998662 -1.60428
0.692322 -0.72151 -0.0106787 116.925 0.721094 0.691223 0.0472618 71.2807 -0.0267185 -0.0404208 0.998825 -1.64057
0.692565 -0.721307 -0.00838404 117.521 0.720902 0.691671 0.043482 71.8891 -0.0255648 -0.0361582 0.999019 -1.66019
0.692656 -0.721242 -0.00619709 118.138 0.720814 0.691889 0.041438 72.4909 -0.0255991 -0.0331692 0.999122 -1.65971
0.693509 -0.720436 -0.00425615 118.735 0.719912 0.692753 0.0426614 73.0929 -0.0277863 -0.0326501 0.999081 -1.66517
0.694098 -0.719862 -0.00514306 119.336 0.719158 0.693064 0.0497281 73.7202 -0.0322329 -0.0382149 0.998749 -1.70454
0.694669 -0.719309 -0.00543774 119.935 0.71835 0.693309 0.0574154 74.3535 -0.0375294 -0.0437909 0.998335 -1.74912
0.695613 -0.718382 -0.0070549 120.523 0.717494 0.694188 0.0574917 74.9576 -0.0364036 -0.0450538 0.998321 -1.76265
0.696183 -0.717793 -0.0101084 121.091 0.717338 0.695065 0.048078 75.5661 -0.027484 -0.0407222 0.998792 -1.77403
0.696391 -0.71751 -0.0148211 121.652 0.717489 0.695618 0.0363994 76.15 -0.0158071 -0.0359822 0.999227 -1.75196
0.695083 -0.718781 -0.0146023 122.244 0.718806 0.694442 0.0326859 76.7615 -0.0133536 -0.0332156 0.999359 -1.7756
0.693935 -0.71996 -0.0105505 122.843 0.719822 0.693294 0.0346497 77.3755 -0.0176319 -0.0316391 0.999344 -1.84546
0.69268 -0.721245 -1.56482e-05 123.438 0.720691 0.692148 0.0391828 77.995 -0.0282496 -0.0271524 0.999232 -1.89124
0.691847 -0.721992 0.0087202 124.039 0.720935 0.691402 0.0470693 78.6209 -0.0400128 -0.0262781 0.998854 -1.9432
0.691906 -0.72197 0.00503458 124.592 0.720758 0.691118 0.0535075 79.223 -0.0421103 -0.0333934 0.998555 -1.94773
0.691601 -0.722268 -0.00405319 125.133 0.721574 0.690667 0.0480619 79.802 -0.0319142 -0.0361644 0.998836 -1.95509
0.690588 -0.723151 -0.0119046 125.707 0.722903 0.689655 0.0422736 80.4047 -0.0223601 -0.0377995 0.999035 -1.95854
0.688351 -0.725214 -0.0153935 126.291 0.72516 0.687472 0.0390576 81.0065 -0.0177425 -0.0380481 0.999118 -1.97733
0.685465 -0.727882 -0.0180396 126.85 0.727922 0.684526 0.0394237 81.6129 -0.0163472 -0.040155 0.99906 -1.99095
0.682139 -0.731012 -0.0175388 127.416 0.731015 0.681179 0.04016 82.2333 -0.0174104 -0.0402158 0.999039 -2.00997
0.678995 -0.733907 -0.0185993 127.975 0.733899 0.6779 0.0429337 82.8558 -0.0189009 -0.0428018 0.998905 -2.02497
0.676713 -0.735978 -0.0198756 128.509 0.735974 0.675482 0.0454429 83.4765 -0.0200194 -0.0453797 0.998769 -2.02799
0.675476 -0.737102 -0.0203254 129.031 0.737073 0.674137 0.0475655 84.0791 -0.0213585 -0.0471106 0.998661 -2.03945
0.674697 -0.73789 -0.0174045 129.58 0.737667 0.673316 0.0499257 84.6876 -0.0251209 -0.0465235 0.998601 -2.06494
0.673719 -0.738863 -0.0136118 130.139 0.738441 0.672398 0.0508542 85.3007 -0.0284217 -0.0443129 0.998613 -2.08435
0.67199 -0.740469 -0.0116485 130.678 0.740022 0.670819 0.0486672 85.8944 -0.0282225 -0.0413241 0.998747 -2.10309
0.669391 -0.742819 -0.011635 131.212 0.742496 0.668413 0.0438581 86.4923 -0.0248017 -0.0379971 0.99897 -2.10971
0.665134 -0.746642 -0.011094 131.743 0.746413 0.664355 0.0387356 87.097 -0.0215513 -0.0340451 0.999188 -2.12873
0.65974 -0.751417 -0.0107574 132.273 0.751209 0.659027 0.0369919 87.6961 -0.0207069 -0.0324861 0.999258 -2.15482
0.65478 -0.755786 -0.00717124 132.809 0.755402 0.654073 0.0394376 88.3105 -0.0251159 -0.0312401 0.999196 -2.16809
0.650529 -0.759481 -0.00116936 133.349 0.758732 0.649818 0.0454052 88.9436 -0.0337245 -0.0304246 0.998968 -2.17884
0.646926 -0.762547 0.0029861 133.892 0.761348 0.64612 0.0536541 89.5856 -0.0428431 -0.0324368 0.998555 -2.18149
0.643908 -0.765096 0.00314059 134.412 0.763737 0.642999 0.0570768 90.204 -0.0456886 -0.0343536 0.998365 -2.2042
0.6399 -0.768458 -0.000388948 134.89 0.767426 0.639015 0.0521241 90.7907 -0.0398067 -0.0336528 0.99864 -2.2308
0.634916 -0.772561 -0.00567663 135.383 0.772038 0.634176 0.0421546 91.3953 -0.028967 -0.0311472 0.999095 -2.24333
0.62927 -0.777138 -0.00872091 135.876 0.776896 0.628688 0.0344094 92.0021 -0.0212582 -0.0284281 0.99937 -2.26818
0.623397 -0.781849 -0.00936843 136.384 0.781661 0.622858 0.0324671 92.6569 -0.0195491 -0.0275628 0.999429 -2.29611
0.617373 -0.786603 -0.0102839 136.892 0.786383 0.616741 0.0351006 93.3462 -0.0212677 -0.0297573 0.999331 -2.30374
0.610189 -0.792155 -0.012631 137.382 0.791935 0.609412 0.0381517 94.0171 -0.0225246 -0.0332827 0.999192 -2.30973
0.602562 -0.797956 -0.0135822 137.868 0.797781 0.601796 0.0372472 94.6734 -0.0215479 -0.0332794 0.999214 -2.32353
0.595156 -0.803472 -0.014866 138.358 0.803342 0.594379 0.036811 95.3354 -0.0207406 -0.0338508 0.999212 -2.34639
0.588247 -0.80853 -0.0156753 138.835 0.808375 0.587379 0.038935 96.0149 -0.0222728 -0.0355749 0.999119 -2.36611
0.582255 -0.812866 -0.0151082 139.32 0.812555 0.581213 0.0441147 96.6953 -0.0270783 -0.0379622 0.998912 -2.38123
0.576048 -0.817336 -0.0114209 139.798 0.816725 0.574931 0.0491469 97.377 -0.0336033 -0.0376387 0.998726 -2.39258
0.57058 -0.821206 -0.00773151 140.275 0.820312 0.56946 0.0529475 98.0478 -0.039078 -0.036553 0.998567 -2.41387
0.566397 -0.824106 -0.00663338 140.744 0.823167 0.565325 0.052953 98.7433 -0.0398888 -0.0354528 0.998575 -2.42991
0.563029 -0.82637 -0.0105211 141.202 0.82565 0.561893 0.0507765 99.4521 -0.0360485 -0.0372754 0.998655 -2.45328
0.559791 -0.828461 -0.0168989 141.637 0.828133 0.558627 0.0461793 100.133 -0.0288176 -0.0398453 0.99879 -2.4721
0.557364 -0.829956 -0.0227915 142.056 0.829967 0.556212 0.0422244 100.803 -0.0223675 -0.0424505 0.998848 -2.49625
0.555504 -0.831105 -0.0260626 142.505 0.831241 0.554245 0.0430247 101.489 -0.021313 -0.0455646 0.998734 -2.514
0.553491 -0.83244 -0.0262904 142.964 0.832433 0.551931 0.0492588 102.185 -0.0264945 -0.0491493 0.99844 -2.53838
0.550886 -0.834246 -0.0236269 143.425 0.833764 0.548874 0.059796 102.89 -0.0369164 -0.0526401 0.997931 -2.55137
0.547697 -0.836476 -0.0183199 143.867 0.835504 0.54564 0.0648931 103.567 -0.0442854 -0.0508482 0.997724 -2.58944
0.542839 -0.83975 -0.0121077 144.306 0.838791 0.541387 0.0576933 104.207 -0.041893 -0.041474 0.998261 -2.61504
0.537033 -0.843522 -0.00815707 144.733 0.842919 0.536222 0.0441914 104.879 -0.0329024 -0.030608 0.99899 -2.64641
0.531346 -0.847065 -0.0123497 145.168 0.846756 0.530591 0.0384301 105.596 -0.0260002 -0.0308768 0.999185 -2.66132
0.524651 -0.851114 -0.0186181 145.597 0.85094 0.523642 0.0412334 106.325 -0.0253451 -0.0374761 0.998976 -2.68695
0.51801 -0.855143 -0.0199237 146.034 0.854902 0.516809 0.0452885 107.062 -0.0284314 -0.0404927 0.998775 -2.72557
0.511923 -0.858956 -0.0113985 146.481 0.858392 0.510985 0.0453577 107.794 -0.0331358 -0.033004 0.998906 -2.75067
0.507052 -0.861908 0.00350269 146.918 0.861072 0.506732 0.0421643 108.51 -0.0381167 -0.0183635 0.999104 -2.76712
0.502165 -0.864614 0.0165349 147.344 0.86392 0.502427 0.0347644 109.191 -0.0383653 -0.00317258 0.999259 -2.76323
0.496676 -0.86767 0.0214936 147.757 0.86734 0.497101 0.0247486 109.884 -0.0321581 0.00635023 0.999463 -2.75866
0.490143 -0.871448 0.0183717 148.175 0.871315 0.490428 0.0170522 110.602 -0.0238701 0.00764948 0.999686 -2.77322
0.484047 -0.874976 0.0107376 148.579 0.874779 0.484166 0.0185744 111.364 -0.0214509 0.000402139 0.99977 -2.76367
0.47913 -0.87773 0.00483645 148.987 0.877333 0.479068 0.0279524 112.176 -0.0268517 -0.00914968 0.999598 -2.7478
0.474932 -0.880007 0.00522739 149.405 0.879291 0.474771 0.0379503 112.974 -0.0358784 -0.0134274 0.999266 -2.77747
0.471572 -0.881741 0.012359 149.806 0.880732 0.471639 0.0432294 113.708 -0.0439461 -0.00950085 0.998989 -2.85317
0.468613 -0.883296 0.0137558 150.191 0.882401 0.468766 0.0403346 114.424 -0.0420757 -0.00676325 0.999092 -2.87757
0.466665 -0.884417 0.00559318 150.545 0.883868 0.466583 0.0328318 115.145 -0.0316467 -0.0103778 0.999445 -2.88699
0.465456 -0.885067 -0.00274768 150.898 0.884803 0.465236 0.0260348 115.881 -0.0217642 -0.0145492 0.999657 -2.88931
0.464477 -0.885551 -0.00770743 151.277 0.885407 0.464192 0.024086 116.651 -0.0177516 -0.0180116 0.99968 -2.9007
0.464 -0.885803 -0.00753101 151.684 0.885598 0.463663 0.0270718 117.431 -0.0204885 -0.0192308 0.999605 -2.91418
0.463724 -0.88598 0.000161974 152.102 0.885478 0.463467 0.0335596 118.213 -0.0298082 -0.015419 0.999437 -2.95282
0.462936 -0.886351 0.00848727 152.521 0.885623 0.462912 0.0372066 118.984 -0.036907 -0.00970777 0.999272 -2.97738
0.461025 -0.88738 0.00349035 152.875 0.886633 0.460792 0.0393965 119.697 -0.036568 -0.0150681 0.999218 -3.02476
0.45831 -0.888792 -0.000755223 153.244 0.888363 0.458062 0.0314679 120.414 -0.0276225 -0.0150929 0.999504 -3.04099
0.456784 -0.889578 -0.000514181 153.631 0.889423 0.456693 0.0189173 121.154 -0.0165936 -0.00909844 0.999821 -3.04135
0.456211 -0.889871 -0.000447901 154.01 0.889762 0.456147 0.0159244 121.92 -0.0139664 -0.00766342 0.999873 -3.063
0.455304 -0.890336 -0.000789316 154.396 0.890139 0.455185 0.0214164 122.699 -0.0187085 -0.0104536 0.99977 -3.10727
0.453856 -0.891034 0.00853465 154.813 0.890654 0.453915 0.0263953 123.492 -0.0273931 -0.00437823 0.999615 -3.09519
0.452386 -0.891739 0.0121997 155.182 0.891294 0.452546 0.0282283 124.245 -0.0306932 -0.00189654 0.999527 -3.09825
0.452025 -0.89196 0.0089753 155.528 0.891617 0.452102 0.0249802 124.982 -0.0263391 -0.00328914 0.999648 -3.09436
0.452216 -0.8919 0.00393166 155.883 0.891637 0.452183 0.0226712 125.726 -0.0219982 -0.00674666 0.999735 -3.11471
0.452336 -0.891847 0.00109014 156.241 0.891582 0.452231 0.0238378 126.474 -0.0217527 -0.00981077 0.999715 -3.13833
0.451803 -0.892118 -0.000127467 156.614 0.891772 0.451624 0.0278891 127.225 -0.0248228 -0.0127141 0.999611 -3.15969
0.450999 -0.892516 -0.0037662 156.98 0.892068 0.45063 0.0338727 127.977 -0.0285348 -0.0186363 0.999419 -3.19733
0.450334 -0.892854 -0.00326457 157.339 0.89233 0.449937 0.0361037 128.72 -0.0307665 -0.0191718 0.999343 -3.21256
0.450289 -0.892878 -0.00287834 157.737 0.89241 0.449943 0.0340041 129.477 -0.0290664 -0.0178803 0.999418 -3.21403
0.449252 -0.893386 -0.00580752 158.089 0.893081 0.448905 0.0298192 130.219 -0.0240331 -0.018583 0.999538 -3.20958
0.44848 -0.893746 -0.00913789 158.437 0.893531 0.448078 0.0287874 130.955 -0.0216341 -0.0210755 0.999544 -3.2306
0.447263 -0.894357 -0.00902226 158.794 0.894041 0.446773 0.0329199 131.683 -0.0254112 -0.0227901 0.999417 -3.26413
0.445695 -0.895174 -0.00442185 159.154 0.894532 0.445175 0.0403888 132.401 -0.0341865 -0.0219566 0.999174 -3.29417
0.443799 -0.896103 0.00648366 159.516 0.895157 0.443644 0.0432825 133.079 -0.041662 -0.0134049 0.999042 -3.30161
0.442884 -0.896505 0.0115029 159.848 0.895647 0.442972 0.039902 133.743 -0.0408678 -0.00736942 0.999137 -3.28136
0.443082 -0.896409 0.0113448 160.173 0.89585 0.443209 0.0319103 134.403 -0.0336328 -0.0039756 0.999426 -3.29682
0.44475 -0.895629 0.0067669 160.494 0.895285 0.444771 0.025371 135.051 -0.0257327 -0.00522547 0.999655 -3.30455
0.446041 -0.895002 0.00435914 160.815 0.894799 0.446036 0.0196663 135.689 -0.0195457 -0.00487143 0.999797 -3.32724
0.448102 -0.89396 0.00635992 161.124 0.893843 0.448146 0.0144692 136.322 -0.0157851 -0.000798907 0.999875 -3.33233
