0.48929 -0.871724 0.0263339 0.695301 0.872028 0.489456 -0.000161165 0.548651 -0.0127488 0.0230428 0.999653 0.781773
0.487631 -0.872661 0.0260585 0.855836 0.872953 0.487804 0.000332416 0.857335 -0.0130015 0.0225858 0.999661 0.774008
0.485673 -0.873755 0.0260182 1.16705 0.874044 0.485848 0.000481554 1.42159 -0.0130616 0.0225071 0.999662 0.765099
0.483805 -0.874777 0.0264656 1.57617 0.87508 0.483982 0.000339217 2.12725 -0.0131056 0.0229954 0.999652 0.76202
0.481796 -0.875877 0.0267777 1.97946 0.876185 0.48198 0.000455624 2.84638 -0.0133054 0.0232426 0.999645 0.75595
0.480206 -0.876712 0.0280153 2.39237 0.877058 0.480392 -0.000109145 3.58645 -0.0133626 0.0246233 0.999612 0.748681
0.478611 -0.877576 0.0283107 2.81554 0.877945 0.478769 -0.001313 4.35563 -0.012402 0.0254835 0.999604 0.745174
0.47731 -0.878328 0.0269638 3.23378 0.878681 0.477413 -0.00290451 5.14181 -0.0103218 0.0250788 0.99964 0.737114
0.476006 -0.879132 0.023682 3.64877 0.879412 0.476063 -0.00350518 5.94365 -0.00819264 0.0224945 0.999722 0.739161
0.474734 -0.879905 0.0202691 4.0654 0.880111 0.474775 -0.00308793 6.75388 -0.00690621 0.0193048 0.9998 0.740183
0.47351 -0.880603 0.0185817 4.488 0.88077 0.473559 -0.00194536 7.57651 -0.00708649 0.0172871 0.999838 0.73866
0.472319 -0.881244 0.0185775 4.92094 0.8814 0.472393 -0.000452466 8.4027 -0.0083772 0.0165877 0.999841 0.736172
0.471249 -0.881808 0.0190826 5.3488 0.881962 0.471345 0.000679627 9.2277 -0.00959381 0.0165096 0.999833 0.733153
0.470165 -0.882362 0.0202949 5.77681 0.882538 0.470271 0.000576664 10.0496 -0.010053 0.0176396 0.999811 0.725499
0.469194 -0.882854 0.021402 6.21168 0.883057 0.469299 -8.4553e-05 10.867 -0.00996932 0.0189385 0.999791 0.720476
0.468329 -0.883301 0.0220036 6.64846 0.88352 0.468431 -0.000469753 11.6851 -0.00989231 0.0196602 0.99978 0.721268
0.467759 -0.883592 0.0225434 7.08694 0.883811 0.467887 0.000551667 12.5065 -0.0110352 0.0196656 0.99977 0.72217
0.467645 -0.883618 0.0239358 7.52706 0.883835 0.467837 0.00294338 13.3321 -0.0137989 0.0197784 0.999735 0.708636
0.468183 -0.883295 0.0253725 7.97616 0.883492 0.468459 0.00605887 14.167 -0.0172377 0.0195792 0.999688 0.694817
0.46947 -0.88256 0.0272286 8.43263 0.88275 0.469826 0.0083594 15.0079 -0.0201702 0.020111 0.999625 0.673909
0.471269 -0.881561 0.0285696 8.87805 0.881779 0.471652 0.00830011 15.8397 -0.0207918 0.0212799 0.99959 0.661466
0.473259 -0.880505 0.0283476 9.319 0.880773 0.473575 0.00542007 16.6725 -0.018197 0.022402 0.999618 0.655264
0.475019 -0.879616 0.0265437 9.75966 0.879901 0.475225 0.00177414 17.5117 -0.0141748 0.0225123 0.999683 0.652627
0.476204 -0.879057 0.0237856 10.2029 0.879305 0.476335 -6.9583e-05 18.3646 -0.0112688 0.0209471 0.999756 0.654151
0.47686 -0.878726 0.0229743 10.6475 0.878953 0.476991 0.000384229 19.2372 -0.0112963 0.0200093 0.999777 0.654259
0.476981 -0.878606 0.0250816 11.1104 0.878846 0.477186 0.00270125 20.1171 -0.014342 0.0207536 0.999724 0.641162
0.476459 -0.878723 0.0304527 11.5874 0.879077 0.476763 0.00329042 20.9899 -0.01741 0.0252014 0.999575 0.624948
0.475224 -0.87914 0.0370904 12.0692 0.879726 0.47558 0.000982035 21.8639 -0.0185027 0.0321613 0.999358 0.614963
0.473702 -0.879702 0.0428816 12.542 0.880572 0.47401 -0.00326316 22.7341 -0.0174556 0.0393042 0.999124 0.602371
0.471912 -0.880608 0.0440714 13.0075 0.881582 0.472099 -0.00668048 23.6065 -0.0149232 0.042003 0.999057 0.602036
0.470352 -0.881471 0.043588 13.4814 0.882449 0.470456 -0.00843867 24.4868 -0.0130679 0.042431 0.999067 0.595734
0.468867 -0.882363 0.0415834 13.9604 0.883251 0.468968 -0.00785977 25.3793 -0.0125662 0.0404114 0.999159 0.584892
0.467638 -0.883176 0.0381006 14.4356 0.883896 0.467795 -0.00517216 26.2765 -0.0132554 0.0360934 0.999317 0.589965
0.466508 -0.883889 0.0354391 14.9028 0.884467 0.46675 -0.00154153 27.1793 -0.0151786 0.0320617 0.99943 0.591031
0.46586 -0.884256 0.034934 15.3791 0.884751 0.466216 0.00243978 28.0734 -0.0184439 0.0297692 0.999448 0.582842
0.465632 -0.884344 0.0358463 15.8469 0.884793 0.466111 0.00599086 28.9651 -0.0220058 0.0289249 0.999402 0.557134
0.465843 -0.884223 0.0361995 16.3079 0.884612 0.466415 0.00900423 29.8553 -0.024845 0.0278259 0.999369 0.541534
0.466049 -0.88414 0.0356789 16.772 0.884479 0.466647 0.0104212 30.749 -0.0258623 0.0266983 0.999376 0.536701
0.466436 -0.884007 0.033995 17.23 0.884305 0.466987 0.010253 31.6308 -0.024938 0.0252775 0.999439 0.525826
0.466545 -0.884024 0.0321297 17.6822 0.88431 0.467015 0.00882687 32.5098 -0.0228073 0.0242925 0.999517 0.515534
0.465916 -0.884372 0.0318098 18.135 0.884685 0.46634 0.00726427 33.396 -0.0212577 0.024755 0.999543 0.489426
0.464844 -0.884891 0.0332002 18.5911 0.885267 0.465263 0.00596376 34.2836 -0.0207233 0.0266165 0.999509 0.456381
0.463929 -0.885346 0.0340021 19.0551 0.885762 0.464341 0.00513356 35.1689 -0.0203327 0.0277337 0.99949 0.447808
0.463191 -0.885771 0.0331255 19.5167 0.886187 0.463551 0.00390239 36.0518 -0.0188112 0.0275453 0.999528 0.453373
0.462773 -0.886059 0.0313804 19.9667 0.886453 0.463062 0.00247894 36.9373 -0.0167269 0.0266675 0.999593 0.447513
0.462641 -0.886192 0.0297027 20.4167 0.886546 0.462897 0.00230352 37.8195 -0.0157901 0.0252645 0.999648 0.441222
0.462781 -0.886124 0.0297185 20.8745 0.886461 0.463064 0.00341189 38.6959 -0.0167842 0.0247627 0.999648 0.435697
0.46262 -0.886148 0.031633 21.3269 0.886514 0.462964 0.00451067 39.5697 -0.0186411 0.0259535 0.999588 0.427744
0.462524 -0.886108 0.0342069 21.7739 0.886534 0.462932 0.00503767 40.4312 -0.0202982 0.0279924 0.999503 0.423125
0.462393 -0.886108 0.036087 22.2154 0.886594 0.462831 0.00476968 41.2753 -0.0209274 0.0297856 0.999441 0.426197
0.461992 -0.88627 0.0373444 22.6623 0.886801 0.462447 0.00449078 42.1216 -0.0212485 0.0310387 0.999399 0.418085
0.4613 -0.886544 0.039457 23.1111 0.887148 0.461793 0.00426701 42.9698 -0.0220024 0.0330319 0.999322 0.399452
0.459888 -0.887106 0.043262 23.5428 0.887784 0.460553 0.00666977 43.8286 -0.0258393 0.0353357 0.999154 0.39148
0.458604 -0.887626 0.0462457 23.9766 0.888332 0.459454 0.00956701 44.6867 -0.0297372 0.0366895 0.999 0.371984
0.457463 -0.888117 0.0481901 24.4093 0.888862 0.458413 0.0106896 45.5401 -0.0315818 0.0379395 0.9989 0.365837
0.45639 -0.888782 0.0461894 24.815 0.889602 0.45708 0.00547391 46.3632 -0.025975 0.0385868 0.999039 0.373097
0.455692 -0.889335 0.0423856 25.223 0.890134 0.456088 3.66668e-05 47.1706 -0.0193625 0.0377069 0.999226 0.370809
0.455171 -0.889841 0.0371972 25.6314 0.890507 0.455357 -0.00329439 47.9766 -0.0140053 0.0346188 0.999431 0.362826
0.454436 -0.890393 0.0328724 26.046 0.890917 0.454567 -0.00322497 48.7948 -0.0120702 0.0307475 0.999586 0.343785
0.4535 -0.890964 0.030406 26.4591 0.891379 0.453684 -0.000276821 49.6178 -0.0135467 0.0272245 0.999673 0.334839
0.452514 -0.891482 0.0301152 26.8629 0.891848 0.452768 0.00255459 50.4293 -0.0159108 0.0256981 0.999682 0.33554
0.451143 -0.892167 0.0305884 27.2567 0.892499 0.451472 0.00523931 51.2287 -0.018482 0.0249325 0.99966 0.340252
0.450011 -0.892681 0.0323889 27.6464 0.893031 0.450412 0.0066956 51.9939 -0.0205629 0.025907 0.999598 0.337599
0.448832 -0.893207 0.0343554 28.0149 0.893605 0.44928 0.00695015 52.7296 -0.0216404 0.0275763 0.999534 0.330625
0.447569 -0.893799 0.0355949 28.3782 0.894233 0.448042 0.00693193 53.4529 -0.0221409 0.028723 0.999494 0.324507
0.446352 -0.894398 0.0359895 28.7341 0.894835 0.446844 0.00732036 54.1769 -0.022626 0.0289325 0.99948 0.308147
0.445283 -0.89495 0.035665 29.0805 0.895335 0.44582 0.00919748 54.8935 -0.0241281 0.0278321 0.999479 0.28983
0.444138 -0.895542 0.0352189 29.4231 0.895839 0.444745 0.0122434 55.6044 -0.026624 0.0261084 0.999465 0.263997
0.442835 -0.896233 0.03421 29.7562 0.896449 0.443465 0.0143172 56.303 -0.0279981 0.0243234 0.999476 0.264164
0.441522 -0.897007 0.0309322 30.0812 0.897164 0.44205 0.0137454 56.9767 -0.0259991 0.0216787 0.999593 0.286507
0.440349 -0.897732 0.0264991 30.3938 0.89786 0.44072 0.0112273 57.6297 -0.021754 0.0188454 0.999755 0.300193
0.439598 -0.898235 0.0217504 30.7127 0.898346 0.439817 0.00774712 58.2754 -0.0165218 0.016131 0.999906 0.300064
0.439275 -0.898474 0.0184288 31.0189 0.898574 0.439405 0.00511272 58.9054 -0.0126887 0.0143113 0.999993 0.288996
0.438804 -0.898729 0.0175503 31.3167 0.898827 0.438911 0.00427956 59.5288 -0.0115467 0.0138945 1.00002 0.275759
0.437956 -0.899135 0.0183178 31.5923 0.899249 0.438066 0.00390818 60.1331 -0.0115359 0.0147583 1.00001 0.280933
0.437414 -0.899337 0.0214474 31.8643 0.899524 0.43753 0.00211561 60.703 -0.0112841 0.018364 0.999952 0.298278
0.437626 -0.899142 0.0253102 32.1364 0.899446 0.437709 -0.00138321 61.2506 -0.00983272 0.0233665 0.999866 0.311125
0.439375 -0.898264 0.0264468 32.4045 0.898623 0.439394 -0.00441569 61.7763 -0.00765245 0.0257013 0.99983 0.316289
0.442845 -0.896637 0.0239503 32.664 0.896937 0.442841 -0.00470199 62.2807 -0.00638871 0.0235599 0.999895 0.311579
0.447333 -0.894437 0.0231394 32.9197 0.894713 0.447341 -0.00399033 62.7727 -0.00678056 0.0224841 0.99992 0.302566
0.452295 -0.891897 0.024997 33.169 0.892199 0.452365 -0.00196546 63.2583 -0.00955273 0.0231871 0.999885 0.296384
0.458417 -0.888627 0.0297648 33.4278 0.889016 0.45861 0.000570044 63.7295 -0.0141541 0.0261953 0.999759 0.292215
0.467226 -0.88395 0.0322445 33.6749 0.884361 0.46753 0.00313369 64.1839 -0.0178417 0.0270467 0.99968 0.321114
0.478386 -0.877987 0.0317413 33.9131 0.878329 0.478755 0.00583194 64.6208 -0.0203125 0.0250849 0.999687 0.339627
0.494778 -0.869073 0.0254226 34.1389 0.869209 0.495089 0.00897656 65.0367 -0.0203832 0.0176532 0.999847 0.334218
0.513351 -0.858329 0.0223057 34.4103 0.858368 0.513631 0.0110257 65.4314 -0.0209157 0.0134846 0.999904 0.317491
0.534924 -0.84501 0.024194 34.6754 0.845065 0.535247 0.0111095 65.8178 -0.0223321 0.0145008 0.999862 0.306699
0.558417 -0.829587 0.027288 34.9397 0.829685 0.55881 0.0108854 66.1882 -0.0242734 0.0165595 0.999788 0.302788
0.5843 -0.811448 0.0308642 35.2065 0.811612 0.584775 0.0102325 66.5439 -0.0263454 0.019068 0.999694 0.302304
0.612001 -0.790674 0.0333708 35.4902 0.790878 0.612544 0.009882 66.8875 -0.0282476 0.0203413 0.99962 0.305293
0.644685 -0.764256 0.0337124 35.7704 0.76441 0.645266 0.0109355 67.2153 -0.0301035 0.0187173 0.999601 0.303295
0.678391 -0.7345 0.0340192 36.0588 0.734598 0.679005 0.0119815 67.5284 -0.0318914 0.01686 0.999581 0.293367
0.713505 -0.700466 0.033754 36.3565 0.700505 0.714124 0.0126822 67.8245 -0.0329792 0.0145944 0.999585 0.279199
0.749051 -0.66235 0.0333896 36.6613 0.662342 0.749662 0.0129 68.0937 -0.0335661 0.0124516 0.999597 0.271755
0.785369 -0.618902 0.0327825 36.9813 0.618865 0.785953 0.0124992 68.3308 -0.0334919 0.010471 0.999626 0.268516
0.821952 -0.569474 0.0321303 37.3195 0.569424 0.822503 0.0115429 68.5333 -0.0329911 0.00880816 0.999662 0.267383
0.857272 -0.514845 0.0312708 37.6561 0.514789 0.857782 0.010341 68.7001 -0.032138 0.00723341 0.999706 0.249992
0.889248 -0.457472 0.0305866 38.0212 0.457427 0.889722 0.00873155 68.8457 -0.0311984 0.00622753 0.999746 0.234911
0.917343 -0.398186 0.0304319 38.3881 0.398141 0.917804 0.00760442 68.9634 -0.0309488 0.00514167 0.999763 0.223796
0.9412 -0.337827 0.0320761 38.7641 0.337756 0.94171 0.00757927 69.0508 -0.0327566 0.00370213 0.999715 0.227613
0.960873 -0.27674 0.0341936 39.1332 0.276609 0.961452 0.00837455 69.1295 -0.035182 0.00141399 0.999642 0.222792
0.976413 -0.215267 0.0364255 39.4987 0.215068 0.977064 0.00909044 69.2001 -0.0375351 -0.00103859 0.99956 0.205956
0.987886 -0.15402 0.0377457 39.8846 0.153789 0.988576 0.00869902 69.2319 -0.038642 -0.00278466 0.999517 0.185247
0.995413 -0.0936791 0.0382103 40.2763 0.0934874 0.996116 0.00648785 69.23 -0.0386572 -0.00288165 0.999519 0.168863
0.999212 -0.035244 0.0378478 40.6639 0.0350907 0.999899 0.00438545 69.2063 -0.0379859 -0.00304949 0.999548 0.171657
0.999683 0.0205011 0.0364762 41.0397 -0.0206881 1.00031 0.00439731 69.1687 -0.036385 -0.00514544 0.999602 0.187421
0.997392 0.0716897 0.0346738 41.4209 -0.0719738 0.99793 0.00660588 69.1457 -0.0341164 -0.0090779 0.999657 0.18142
0.992706 0.120679 0.033463 41.7999 -0.120987 0.993188 0.00685274 69.0913 -0.0323964 -0.0108443 0.999699 0.146154
0.986057 0.166602 0.0331752 42.1638 -0.166772 0.986565 0.00191046 69.0146 -0.0323995 -0.00741044 0.999733 0.117804
0.978192 0.207721 0.0342632 42.4379 -0.207534 0.978769 -0.00942881 68.9507 -0.0354817 0.00211561 0.999657 0.109219
0.969436 0.245396 0.0342559 42.707 -0.24491 0.969977 -0.0182421 68.8958 -0.0376907 0.00929582 0.999539 0.119652
0.960176 0.27964 0.0328541 43.0031 -0.279117 0.960666 -0.0201128 68.8531 -0.0371728 0.0101421 0.999553 0.135069
0.951665 0.307635 0.0304528 43.3961 -0.307515 0.952134 -0.00923122 68.8132 -0.0318228 -0.000576135 0.999793 0.130644
0.943203 0.332764 0.0297419 43.7995 -0.332888 0.943618 -0.00146856 68.7408 -0.0285423 -0.00850962 0.999859 0.112735
0.934502 0.356521 0.029424 44.2071 -0.356773 0.934857 0.00289559 68.6254 -0.0264639 -0.0131961 0.999869 0.0852024
0.926587 0.376935 0.0253161 44.6056 -0.377081 0.926868 0.000272856 68.4534 -0.0233518 -0.00979263 0.99999 0.0734435
0.918878 0.39575 0.0186237 45.0025 -0.395775 0.919046 -0.00354845 68.2605 -0.0185118 -0.00410572 1.00013 0.0685775
0.911628 0.412415 0.0129854 45.4054 -0.412379 0.911709 -0.00677837 68.0647 -0.0146271 0.000827169 1.00021 0.0394618
0.90468 0.427523 0.0108324 45.8319 -0.427458 0.904727 -0.00927751 67.8672 -0.0137598 0.00376433 1.00022 0.016558
0.898509 0.440252 0.0147286 46.2777 -0.44016 0.898617 -0.010258 67.6594 -0.0177434 0.00273568 1.00017 -0.00335729
0.892413 0.45232 0.0195176 46.7274 -0.452214 0.89262 -0.0106802 67.4476 -0.0222433 0.000707296 1.00008 -0.00900961
0.886495 0.463632 0.0238169 47.1755 -0.463535 0.886808 -0.0105142 67.2213 -0.0259851 -0.00171618 0.999996 -0.00213119
0.881059 0.473833 0.0251257 47.6251 -0.473723 0.881411 -0.0112352 66.9835 -0.0274584 -0.00200065 0.99996 0.00364007
0.87632 0.482606 0.0242557 48.0884 -0.482467 0.876653 -0.0123565 66.7354 -0.0272159 -0.000871812 0.999973 -0.000905603
0.872446 0.489673 0.0226209 48.5568 -0.489507 0.872738 -0.0134936 66.4853 -0.0263385 0.000701166 1 -0.0115946
0.869648 0.494748 0.0202445 49.0398 -0.494551 0.869879 -0.0149443 66.2184 -0.0249933 0.00298507 1.00003 -0.0250056
0.867456 0.498721 0.0170562 49.5353 -0.498485 0.867601 -0.0172162 65.9363 -0.0233739 0.00643132 1.00006 -0.0456417
0.865541 0.502141 0.0144207 50.0374 -0.50188 0.865612 -0.019264 65.6466 -0.0221463 0.00943421 1.00007 -0.065405
0.863944 0.504947 0.0128124 50.5572 -0.504659 0.86396 -0.0212531 65.3364 -0.0217915 0.0118922 1.00006 -0.081384
0.862655 0.507185 0.012046 51.097 -0.506869 0.862634 -0.0229892 65.0117 -0.0220414 0.0137215 1.00003 -0.0969252
0.861456 0.509247 0.0116943 51.6407 -0.508906 0.861409 -0.0243481 64.6736 -0.0224629 0.0150181 1.00001 -0.10517
0.86071 0.510551 0.0105532 52.2107 -0.510162 0.860591 -0.0272902 64.32 -0.023005 0.0180982 0.999948 -0.117595
0.860726 0.510558 0.00989457 52.8086 -0.510128 0.860549 -0.02957 63.9575 -0.0236016 0.0203958 0.999894 -0.135591
0.861603 0.509111 0.00913083 53.4273 -0.508649 0.861365 -0.0316057 63.5854 -0.0239452 0.0225775 0.999843 -0.157059
0.863202 0.50644 0.0076643 54.0627 -0.505955 0.862867 -0.0341394 63.2081 -0.0238923 0.0255799 0.999776 -0.167244
0.865636 0.502316 0.00569358 54.7143 -0.501811 0.865166 -0.0373273 62.8337 -0.0236655 0.0294411 0.999679 -0.186568
0.868138 0.498005 0.00532643 55.3836 -0.497477 0.867612 -0.0388424 62.4623 -0.0239543 0.0310559 0.999628 -0.205162
0.870582 0.493739 0.00535237 56.0665 -0.493178 0.87001 -0.0402864 62.0805 -0.0245366 0.0324168 0.999575 -0.225567
0.87282 0.489774 0.00686553 56.7644 -0.489164 0.872281 -0.0404081 61.7023 -0.0257679 0.0318939 0.999564 -0.253065
0.87493 0.485967 0.00979819 57.468 -0.485324 0.874528 -0.0383718 61.3297 -0.0272037 0.0288011 0.999625 -0.275478
0.876936 0.482291 0.0127264 58.1784 -0.481642 0.876684 -0.0357834 60.9434 -0.0284018 0.0252348 0.999692 -0.295535
0.878787 0.478868 0.0148891 58.892 -0.478304 0.878704 -0.0310332 60.5563 -0.0279305 0.0201361 0.999825 -0.29536
0.880299 0.476121 0.0143438 59.6057 -0.47571 0.8803 -0.0255778 60.1645 -0.0247926 0.0156799 0.999992 -0.28767
0.881286 0.474343 0.0133018 60.3129 -0.474081 0.881343 -0.0196847 59.7656 -0.0210498 0.0110304 1.00014 -0.288209
0.881969 0.473129 0.0119885 61.0303 -0.472955 0.88204 -0.015793 59.3574 -0.0180367 0.00824821 1.00023 -0.311887
0.882319 0.472515 0.0112622 61.7578 -0.472374 0.882392 -0.0141599 58.9483 -0.0166193 0.00716303 1.00027 -0.330221
0.882387 0.472413 0.011141 62.4905 -0.472255 0.882453 -0.0151247 58.5382 -0.0169671 0.0080732 1.00026 -0.352978
0.882352 0.47245 0.0131057 63.2306 -0.472288 0.88246 -0.0145396 58.1449 -0.0184244 0.00662847 1.00025 -0.363577
0.882157 0.472746 0.0160061 63.9777 -0.4726 0.882332 -0.0128966 57.772 -0.0202085 0.0038025 1.00024 -0.36672
0.881914 0.473122 0.0187285 64.7179 -0.473015 0.882153 -0.0106709 57.4003 -0.0215581 0.000543206 1.00022 -0.369228
0.881549 0.47375 0.0205197 65.4504 -0.473705 0.881826 -0.00790507 57.0369 -0.0218277 -0.00275905 1.00022 -0.365688
0.880903 0.474912 0.0218578 66.1766 -0.474935 0.881199 -0.00503735 56.6691 -0.0216411 -0.00594985 1.00021 -0.372812
0.879652 0.477216 0.0225276 66.8941 -0.477269 0.879957 -0.00380819 56.2826 -0.0216282 -0.00740749 1.00021 -0.385181
0.877757 0.480649 0.0238723 67.6114 -0.480736 0.878086 -0.00279256 55.887 -0.0222913 -0.00903006 1.00018 -0.39358
0.875211 0.485216 0.0253624 68.3275 -0.485308 0.875579 -0.00319106 55.4813 -0.0237414 -0.00952043 1.00015 -0.405409
0.871807 0.491276 0.0263488 69.0509 -0.491359 0.872209 -0.00401089 55.0692 -0.0249376 -0.00945466 1.00013 -0.414695
0.867776 0.498357 0.0268288 69.7813 -0.498454 0.868188 -0.00369324 54.6503 -0.0251183 -0.0101724 1.00012 -0.422046
0.862947 0.50672 0.0263196 70.5022 -0.506799 0.863355 -0.0043061 54.226 -0.0248904 -0.00962742 1.00014 -0.425065
0.857569 0.515799 0.0261624 71.216 -0.515872 0.857977 -0.00454823 53.8098 -0.024778 -0.00960071 1.00014 -0.436926
0.851756 0.525336 0.0267073 71.9138 -0.525423 0.852177 -0.00432953 53.3992 -0.0250187 -0.0103492 1.00014 -0.450577
0.845505 0.535323 0.0274251 72.5921 -0.535402 0.845954 -0.00502629 52.9805 -0.0258753 -0.0104379 1.00012 -0.465185
0.83906 0.545386 0.0275102 73.2569 -0.54544 0.839524 -0.0061398 52.5652 -0.0264278 -0.00985795 1.00012 -0.471733
0.832408 0.555487 0.0279155 73.9054 -0.555542 0.832887 -0.00637264 52.1517 -0.0267738 -0.0102079 1.00011 -0.473433
0.82589 0.565157 0.0278359 74.5437 -0.565217 0.826367 -0.00628912 51.7337 -0.0265404 -0.0105434 1.00012 -0.474716
0.819624 0.574254 0.02728 75.1791 -0.574327 0.820082 -0.00565251 51.3026 -0.0256015 -0.0110387 1.00014 -0.478607
0.813634 0.58277 0.0264046 75.7972 -0.582855 0.814063 -0.00484587 50.8679 -0.0243034 -0.0114512 1.00017 -0.489623
0.808076 0.590518 0.0253909 76.4036 -0.590608 0.808475 -0.00419242 50.4322 -0.0229886 -0.0116121 1.00021 -0.508471
0.80272 0.597841 0.0243432 76.9998 -0.597907 0.803104 -0.00478701 49.9903 -0.0223973 -0.0107166 1.00024 -0.519567
0.797411 0.604905 0.0248105 77.5885 -0.60499 0.797801 -0.0042388 49.53 -0.0223431 -0.0116339 1.00023 -0.526509
0.792319 0.611574 0.0249157 78.1764 -0.611633 0.792728 -0.00549976 49.0644 -0.0230995 -0.0108859 1.00023 -0.53052
0.787641 0.617611 0.0248047 78.7762 -0.617607 0.788075 -0.00814587 48.5957 -0.0245626 -0.00890866 1.00022 -0.532526
0.78392 0.622312 0.0256612 79.3716 -0.622249 0.7844 -0.010774 48.1333 -0.0268155 -0.00752739 1.00018 -0.541749
0.782371 0.624213 0.0271416 79.9517 -0.624097 0.782913 -0.0130372 47.6848 -0.0293677 -0.00674511 1.00012 -0.558211
0.781374 0.625429 0.0282904 80.5093 -0.625269 0.781964 -0.0147487 47.2384 -0.031325 -0.00617112 1.00007 -0.567488
0.781218 0.625651 0.028119 81.0458 -0.625463 0.781811 -0.0155773 46.8091 -0.0317078 -0.0054249 1.00007 -0.583604
0.781807 0.624987 0.0268823 81.5649 -0.624787 0.782365 -0.0157243 46.3862 -0.0308377 -0.00450976 1.0001 -0.597201
0.783142 0.623425 0.0246272 82.0792 -0.623205 0.783637 -0.0160932 45.981 -0.029311 -0.00275303 1.00016 -0.603335
0.785783 0.620176 0.022945 82.5929 -0.619961 0.786231 -0.0157456 45.5888 -0.0277852 -0.00186157 1.00021 -0.612131
0.789871 0.615026 0.0216562 83.0936 -0.614814 0.790286 -0.015472 45.2133 -0.026611 -0.00110347 1.00025 -0.624639
0.795019 0.608407 0.0207349 83.5703 -0.608186 0.795412 -0.015688 44.8544 -0.0260185 -0.000148956 1.00027 -0.633192
0.802197 0.598936 0.0205116 84.0513 -0.59872 0.802586 -0.0154294 44.5173 -0.0256846 8.58121e-05 1.00029 -0.645312
0.811293 0.586563 0.0208306 84.5362 -0.586384 0.811691 -0.0137752 44.2093 -0.0249692 -0.00104962 1.00031 -0.651881
0.821819 0.571756 0.0203288 85.0075 -0.571621 0.822204 -0.0118278 43.9041 -0.0234592 -0.00191053 1.00035 -0.655554
0.833873 0.554107 0.0186231 85.4688 -0.554015 0.834217 -0.00952368 43.6142 -0.0207967 -0.00238654 1.00042 -0.658187
0.84922 0.530379 0.0163594 85.9285 -0.530314 0.849518 -0.00779904 43.3538 -0.01802 -0.00206361 1.00048 -0.653712
0.865674 0.503122 0.0154914 86.3915 -0.503059 0.865958 -0.00749747 43.1069 -0.0171736 -0.00131443 1.0005 -0.659948
0.882576 0.472861 0.0156456 86.8763 -0.472785 0.882865 -0.00815837 42.871 -0.017657 -0.000209057 1.0005 -0.67261
0.901539 0.435563 0.0176816 87.3675 -0.43546 0.901866 -0.00947815 42.662 -0.0200591 0.000832307 1.00046 -0.690362
0.920281 0.394241 0.0218083 87.8687 -0.394119 0.920697 -0.00995694 42.4751 -0.0239853 0.000555318 1.00038 -0.705583
0.937817 0.350234 0.0259366 88.3807 -0.350104 0.938337 -0.00988775 42.3252 -0.027778 0.000179889 1.00028 -0.716044
0.954066 0.302835 0.0300959 88.8965 -0.302754 0.954704 -0.00777622 42.2138 -0.0310622 -0.00170411 1.00019 -0.721981
0.968654 0.252012 0.0328105 89.4033 -0.251959 0.969376 -0.00644822 42.1342 -0.0334031 -0.00203205 1.00012 -0.7272
0.982082 0.193499 0.03123 89.9061 -0.193385 0.982747 -0.0075549 42.1012 -0.0321264 0.00136694 1.00017 -0.723421
0.992522 0.130628 0.0276421 90.4 -0.130469 0.993065 -0.00878107 42.0997 -0.0285737 0.00509349 1.00028 -0.710392
0.999201 0.0636389 0.0224774 90.8829 -0.0634493 0.999579 -0.0109777 42.1247 -0.0231475 0.00952437 1.00039 -0.70166
1.00133 -0.00587236 0.0173021 91.3585 0.00601397 1.00158 -0.0112073 42.1646 -0.0172497 0.0113064 1.0005 -0.700886
0.998545 -0.0759107 0.0129647 91.8247 0.0759863 0.998734 -0.0103686 42.2372 -0.0121518 0.0113183 1.00058 -0.713028
0.990789 -0.145922 0.0102464 92.2855 0.145955 0.990943 -0.0100515 42.343 -0.00868067 0.0114336 1.00062 -0.737778
0.978114 -0.215194 0.00928865 92.7425 0.215213 0.97824 -0.010912 42.4637 -0.00673417 0.0126504 1.00063 -0.766828
0.960671 -0.283106 0.0103112 93.1908 0.283135 0.960779 -0.0119779 42.6068 -0.00651207 0.0144033 1.00061 -0.765369
0.938707 -0.349024 0.0140877 93.6256 0.349106 0.938823 -0.0124451 42.779 -0.00887656 0.0165761 1.00057 -0.757501
0.912579 -0.412364 0.0197046 94.0483 0.412517 0.912768 -0.0107746 42.9697 -0.0135329 0.0179359 1.0005 -0.745605
0.88293 -0.472266 0.0260254 94.4539 0.472476 0.883265 -0.00718109 43.1854 -0.0195806 0.018611 1.00039 -0.747206
0.850921 -0.527503 0.0315627 94.8398 0.527726 0.851441 -0.00258973 43.4099 -0.0254867 0.0188341 1.00026 -0.738752
0.820655 -0.573362 0.0338753 95.2178 0.573512 0.821307 0.00240463 43.6665 -0.0291761 0.0174292 1.00019 -0.741085
0.790678 -0.614077 0.0338689 95.579 0.614052 0.791418 0.00900263 43.9536 -0.0323047 0.0136558 1.00016 -0.745544
0.761578 -0.650003 0.0307521 95.9267 0.649803 0.762271 0.0140853 44.2692 -0.0325681 0.00923517 1.00021 -0.762769
0.733976 -0.681196 0.0272681 96.2851 0.680907 0.734579 0.0166988 44.5813 -0.0313777 0.00629178 1.00028 -0.787538
0.70858 -0.707653 0.0259234 96.6449 0.707404 0.709137 0.0156598 44.9057 -0.0294382 0.00722287 1.00034 -0.815654
0.687232 -0.728307 0.0290999 96.9985 0.728268 0.687817 0.0100235 45.262 -0.0272904 0.0142804 1.00033 -0.867703
0.669733 -0.744406 0.0303155 97.3646 0.744488 0.670288 0.00665158 45.6239 -0.025248 0.0180886 1.00033 -0.877475
0.656944 -0.755757 0.0298419 97.7405 0.755857 0.65747 0.00599826 45.9996 -0.0241305 0.0185891 1.00035 -0.864233
0.649092 -0.762643 0.0268448 98.1227 0.762659 0.649573 0.00777799 46.3908 -0.0233472 0.0154002 1.00043 -0.870403
0.645365 -0.76603 0.0199546 98.4874 0.765898 0.645729 0.0110471 46.8003 -0.0213272 0.00813419 1.00057 -0.851049
0.643826 -0.767467 0.0144137 98.8425 0.767276 0.644087 0.0127275 47.2028 -0.0190332 0.00284919 1.00065 -0.847351
0.644782 -0.766711 0.0127765 99.2135 0.766558 0.645008 0.010618 47.6117 -0.0163658 0.00293213 1.0007 -0.874428
0.647197 -0.764703 0.012087 99.5839 0.764623 0.647391 0.00562753 48.0154 -0.0121164 0.00558282 1.00076 -0.890961
0.650639 -0.76181 0.0110775 99.948 0.761777 0.65079 0.000716232 48.4338 -0.00774691 0.00795413 1.00079 -0.898246
0.654923 -0.758183 0.00830028 100.316 0.758141 0.655051 1.4056e-05 48.8737 -0.00544236 0.00626661 1.00083 -0.905037
0.659579 -0.754184 0.00485493 100.693 0.754121 0.659698 0.00243308 49.3247 -0.00503312 0.00204277 1.00085 -0.906503
0.663916 -0.750394 0.00358117 101.089 0.750316 0.664028 0.00595114 49.7937 -0.00683758 -0.00127495 1.00085 -0.906894
0.66784 -0.746918 0.00424301 101.491 0.746789 0.66794 0.0119448 50.2746 -0.0117453 -0.00481665 1.0008 -0.923334
0.671287 -0.743809 0.00795188 101.9 0.743594 0.671415 0.0169476 50.7592 -0.0179281 -0.00547112 1.00071 -0.93548
0.67392 -0.741322 0.0155735 102.33 0.741089 0.674203 0.0170826 51.2541 -0.0231411 1.74684e-05 1.00062 -0.946292
0.675414 -0.739769 0.0235341 102.765 0.739685 0.675868 0.012578 51.764 -0.0251857 0.00889394 1.00054 -0.955335
0.676159 -0.738924 0.0286742 103.212 0.739092 0.67664 0.00522279 52.2665 -0.0232375 0.017636 1.00048 -0.950884
0.676084 -0.739026 0.0283169 103.652 0.739353 0.676397 -0.0027122 52.78 -0.0171306 0.0227404 1.00051 -0.945727
0.674843 -0.740309 0.0246585 104.087 0.740649 0.674942 -0.0096756 53.3017 -0.00946908 0.0247619 1.00057 -0.936929
0.672866 -0.742289 0.0191361 104.524 0.742519 0.672875 -0.0118602 53.8301 -0.00406711 0.0221606 1.00067 -0.93472
0.670508 -0.744561 0.0136372 104.983 0.744679 0.67057 -0.00791666 54.3681 -0.00324641 0.0154404 1.0008 -0.933995
0.668086 -0.746737 0.0145571 105.494 0.746804 0.668275 0.00165388 54.9303 -0.0109523 0.00974752 1.00083 -0.944162
0.665552 -0.748996 0.0155448 106.013 0.748945 0.665819 0.0106144 55.4989 -0.0182824 0.00456298 1.00076 -0.969759
0.663635 -0.750726 0.0149816 106.547 0.750581 0.663905 0.0155531 56.07 -0.0216016 0.00091165 1.00072 -0.992488
0.661504 -0.752668 0.0125791 107.073 0.752502 0.661723 0.0168101 56.6421 -0.020956 -0.00166309 1.00073 -1.00509
0.659107 -0.754828 0.00989327 107.59 0.75473 0.659282 0.0137201 57.2398 -0.0168624 -0.00158452 1.00082 -1.00744
0.656259 -0.757357 0.00688161 108.105 0.757302 0.656393 0.0117139 57.8553 -0.0133758 -0.00248257 1.00088 -1.03067
0.652939 -0.760237 0.00738596 108.615 0.760207 0.653083 0.0100387 58.4833 -0.0124433 -0.000947433 1.0009 -1.05567
0.650115 -0.762662 0.00841455 109.133 0.762639 0.650273 0.00980889 59.1132 -0.0129399 3.20879e-05 1.0009 -1.06874
0.648488 -0.764042 0.0103551 109.666 0.764008 0.648674 0.0110163 59.7462 -0.0151189 0.000758604 1.00087 -1.08418
0.647788 -0.764614 0.012968 110.222 0.764572 0.648019 0.0120655 60.372 -0.0176112 0.00208896 1.00084 -1.08959
0.647689 -0.764679 0.015062 110.778 0.764628 0.647962 0.0131362 60.9975 -0.0197843 0.00299761 1.0008 -1.10204
0.648005 -0.764427 0.0152661 111.33 0.764362 0.648285 0.0141285 61.625 -0.0206757 0.00250312 1.00079 -1.11453
0.648711 -0.763877 0.0137248 111.87 0.763816 0.648961 0.0140831 62.2653 -0.0196443 0.00133857 1.00082 -1.12141
0.649538 -0.763243 0.0106536 112.4 0.763193 0.649731 0.013713 62.9083 -0.0173704 -0.000782435 1.00087 -1.11412
0.650608 -0.762401 0.00621497 112.935 0.762346 0.650724 0.015135 63.5635 -0.0155675 -0.00511008 1.0009 -1.11571
0.652179 -0.761101 0.00141965 113.479 0.761038 0.652194 0.0185967 64.2227 -0.0150654 -0.0110424 1.00086 -1.12337
0.654493 -0.759129 -0.00289108 114.04 0.759071 0.654385 0.0226603 64.8887 -0.0152963 -0.0170131 1.00078 -1.13147
0.656793 -0.757149 -0.00503602 114.606 0.757111 0.65662 0.0243858 65.5523 -0.0151435 -0.019813 1.00074 -1.1366
0.658758 -0.755469 -0.00383947 115.182 0.755439 0.658631 0.0228263 66.2185 -0.0147024 -0.0179223 1.00079 -1.14938
0.660069 -0.754353 -0.00110015 115.762 0.754327 0.660027 0.0199995 66.889 -0.0143469 -0.0140191 1.00087 -1.15604
0.660904 -0.753643 0.0013818 116.352 0.75363 0.660927 0.0174253 67.5747 -0.0140318 -0.0104663 1.00092 -1.15398
0.661587 -0.753062 0.00227142 116.949 0.753044 0.661621 0.0176329 68.2627 -0.0147667 -0.00994651 1.00092 -1.16073
0.662183 -0.752562 0.00179189 117.539 0.7525 0.662169 0.0210651 68.9414 -0.0170225 -0.0125886 1.00087 -1.18121
0.662739 -0.752093 0.00186053 118.114 0.751957 0.662665 0.0254358 69.6233 -0.020343 -0.015443 1.00077 -1.18885
0.663616 -0.751342 0.00192727 118.671 0.751168 0.663509 0.0274708 70.2803 -0.0218971 -0.0167651 1.00073 -1.19945
0.664608 -0.750488 -0.000511121 119.207 0.750486 0.664562 0.0205339 70.8884 -0.0150557 -0.0140145 1.0009 -1.17732
0.665357 -0.749838 -0.00326591 119.744 0.749977 0.665396 0.0109178 71.4931 -0.00600722 -0.00970017 1.00105 -1.15931
0.665335 -0.749874 -0.00435574 120.283 0.75005 0.665422 0.0042375 72.1159 -0.000278587 -0.00607555 1.00111 -1.15462
0.664708 -0.750463 0.001498 120.852 0.750599 0.664796 0.00828272 72.7738 -0.00720374 -0.00437319 1.0011 -1.19126
0.663507 -0.751464 0.0111474 121.43 0.751492 0.663702 0.0149382 73.431 -0.0186034 -0.00153154 1.00097 -1.22518
0.661915 -0.752723 0.0193393 122.002 0.752558 0.6623 0.0227731 74.0831 -0.029917 -0.000520133 1.0007 -1.27734
0.660476 -0.753973 0.0206187 122.552 0.753634 0.660895 0.0282979 74.7224 -0.034924 -0.00314887 1.00055 -1.28461
0.659968 -0.75464 0.0111307 123.104 0.754449 0.660112 0.0254542 75.3401 -0.0265271 -0.00839049 1.00078 -1.25942
0.659055 -0.755536 0.0026802 123.648 0.755523 0.659051 0.0216263 75.9655 -0.0180863 -0.0122099 1.00094 -1.24131
0.657247 -0.757135 -0.00114993 124.183 0.757252 0.65725 0.016338 76.5976 -0.0116016 -0.0115895 1.00105 -1.2618
0.654803 -0.759258 -0.00468432 124.709 0.759458 0.654824 0.0121136 77.2295 -0.00612336 -0.0114685 1.00111 -1.27968
0.651672 -0.761938 -0.00825915 125.227 0.762197 0.651711 0.00949742 77.8654 -0.00185243 -0.0124603 1.00112 -1.27773
0.648357 -0.764729 -0.0122527 125.749 0.765049 0.648399 0.00919447 78.5098 0.000910758 -0.0153062 1.00109 -1.27031
0.645319 -0.76723 -0.0167537 126.268 0.767639 0.645327 0.0114658 79.1443 0.00200938 -0.0202233 1.00101 -1.25902
0.642995 -0.769145 -0.0191211 126.803 0.769616 0.642957 0.013732 79.7887 0.00172593 -0.0235037 1.00095 -1.23607
0.641583 -0.770363 -0.0183598 127.353 0.770824 0.641495 0.0157809 80.4347 -0.000383817 -0.0242336 1.00094 -1.21921
0.640394 -0.771414 -0.0166142 127.894 0.771835 0.640264 0.0176288 81.0722 -0.0029637 -0.0240692 1.00095 -1.20285
0.639328 -0.772366 -0.0142795 128.428 0.772735 0.639187 0.0184782 81.7199 -0.00514423 -0.0228055 1.00098 -1.1832
0.637398 -0.774037 -0.0108707 128.946 0.774345 0.637295 0.017653 82.3625 -0.00673352 -0.019631 1.00104 -1.15876
0.634366 -0.776588 -0.00724317 129.449 0.776853 0.634325 0.0156224 82.9978 -0.00753317 -0.0155036 1.00112 -1.13369
0.629947 -0.780221 -0.00440785 129.94 0.780461 0.629946 0.0143775 83.6361 -0.00843481 -0.0124673 1.00116 -1.12422
0.624406 -0.784693 -0.00221015 130.425 0.784913 0.624428 0.0142742 84.273 -0.00981279 -0.0106201 1.00118 -1.14534
0.618965 -0.789016 -0.000271474 130.914 0.789192 0.618984 0.0168987 84.9017 -0.0131537 -0.0106465 1.00115 -1.17681
0.614042 -0.792874 0.00135201 131.406 0.79297 0.614038 0.0212483 85.5364 -0.017661 -0.0119464 1.00108 -1.20008
0.609781 -0.796173 0.00297026 131.902 0.796184 0.609768 0.0247805 86.1746 -0.0215199 -0.0127162 1.001 -1.20623
0.605796 -0.799229 0.00356539 132.396 0.799221 0.605788 0.025564 86.8195 -0.0225691 -0.0126072 1.00099 -1.19544
0.601398 -0.802562 0.00425198 132.883 0.802601 0.601433 0.0233081 87.4539 -0.0212419 -0.0105769 1.00105 -1.18467
0.596371 -0.806329 0.00385618 133.367 0.806438 0.596431 0.0202308 88.0975 -0.0185934 -0.00892853 1.00113 -1.18087
0.590709 -0.810517 0.000394035 133.839 0.810682 0.590722 0.0192402 88.7619 -0.0158117 -0.0110145 1.00117 -1.18702
0.584413 -0.815081 -0.00408947 134.297 0.815301 0.584357 0.0196713 89.439 -0.0136319 -0.0147918 1.00116 -1.208
0.577436 -0.820029 -0.00832715 134.75 0.820324 0.577333 0.0194555 90.1319 -0.0111384 -0.0180202 1.00115 -1.22573
0.569974 -0.825231 -0.0103927 135.211 0.825589 0.569898 0.017004 90.8344 -0.00810491 -0.0182247 1.00118 -1.23889
0.562487 -0.830351 -0.0121031 135.68 0.830757 0.562435 0.0151124 91.538 -0.00573987 -0.018506 1.0012 -1.24887
0.555442 -0.835078 -0.0136682 136.142 0.835518 0.555386 0.014911 92.2547 -0.00486087 -0.0196499 1.00119 -1.26608
0.548508 -0.839646 -0.0151157 136.608 0.84011 0.548409 0.0166663 92.9759 -0.00570424 -0.0217839 1.00115 -1.26705
0.54186 -0.843967 -0.0155254 137.071 0.844423 0.541693 0.0195021 93.6987 -0.00804714 -0.0236175 1.00111 -1.25745
0.535754 -0.847888 -0.015012 137.53 0.848304 0.535519 0.0225565 94.4294 -0.0110811 -0.0247574 1.00106 -1.24206
0.530583 -0.851173 -0.0140128 137.98 0.851535 0.530299 0.0250522 95.1512 -0.0138845 -0.0251616 1.00102 -1.22225
0.526186 -0.853916 -0.0143246 138.425 0.854258 0.525843 0.0271317 95.8706 -0.0156256 -0.0264473 1.00097 -1.20144
0.522792 -0.855972 -0.0169825 138.855 0.85637 0.522371 0.0284706 96.5932 -0.0154897 -0.0293553 1.0009 -1.20315
0.520064 -0.85759 -0.0200257 139.281 0.858085 0.519597 0.0284414 97.3074 -0.013979 -0.0318968 1.00086 -1.22192
0.517809 -0.858906 -0.022815 139.703 0.859495 0.5173 0.0285708 98.0317 -0.0127329 -0.0343193 1.0008 -1.24273
0.515967 -0.859972 -0.0251048 140.114 0.860633 0.515389 0.0296842 98.7633 -0.0125853 -0.0368318 1.00073 -1.25835
0.513982 -0.861181 -0.0251639 140.526 0.861807 0.513291 0.032615 99.4968 -0.0151648 -0.0383562 1.00064 -1.26526
0.511454 -0.86276 -0.0232908 140.945 0.863279 0.510705 0.0349294 100.219 -0.0182308 -0.0378776 1.00062 -1.26981
0.507815 -0.865028 -0.0192839 141.355 0.865419 0.507169 0.0341793 100.925 -0.0197723 -0.0339576 1.00074 -1.28762
0.502568 -0.86819 -0.0152175 141.752 0.868513 0.502097 0.0312035 101.618 -0.0194349 -0.0288183 1.00091 -1.29875
0.496173 -0.871902 -0.0141053 142.139 0.87225 0.495807 0.0281894 102.32 -0.0175711 -0.0262129 1.00103 -1.31198
0.489128 -0.875901 -0.0137122 142.532 0.876274 0.488821 0.0262453 103.024 -0.0162726 -0.0247766 1.0011 -1.3252
0.481858 -0.879964 -0.0123302 142.929 0.880325 0.481606 0.0249936 103.745 -0.0160419 -0.0228239 1.00115 -1.33386
0.474949 -0.883781 -0.00841349 143.325 0.884082 0.474789 0.0238094 104.478 -0.0170316 -0.0186794 1.00123 -1.33329
0.469219 -0.886891 -0.00370836 143.727 0.88713 0.469157 0.0231289 105.216 -0.0187531 -0.0140834 1.00129 -1.33007
0.463927 -0.8897 0.00120756 144.124 0.889912 0.463977 0.0217799 105.965 -0.0199146 -0.00897995 1.00133 -1.32377
0.459174 -0.892162 0.00637512 144.533 0.892431 0.45935 0.0175951 106.706 -0.0186021 -0.00235172 1.0014 -1.31544
0.453943 -0.894827 0.00975925 144.934 0.895195 0.454175 0.012073 107.454 -0.0152138 0.0032848 1.00147 -1.31185
0.447925 -0.897878 0.00968209 145.325 0.898297 0.448145 0.00860996 108.225 -0.0120511 0.00486775 1.00151 -1.30754
0.442011 -0.900849 0.00734018 145.696 0.901254 0.442208 0.00948912 109.01 -0.0117767 0.00245296 1.00153 -1.31517
0.437534 -0.903071 0.00488393 146.069 0.90335 0.437691 0.0181921 109.809 -0.0185423 -0.0035062 1.00143 -1.3312
0.434092 -0.904745 0.00618891 146.446 0.904893 0.434252 0.0242711 110.61 -0.0246151 -0.00489282 1.00131 -1.3647
0.431599 -0.905928 0.0096924 146.821 0.90603 0.431846 0.0257227 111.395 -0.027452 -0.00228317 1.00125 -1.37237
0.429894 -0.906808 0.00289014 147.162 0.907012 0.429986 0.0231089 112.162 -0.0221693 -0.00726378 1.00136 -1.35911
0.428152 -0.907647 -0.00467214 147.49 0.908001 0.428139 0.0193327 112.929 -0.015528 -0.0124572 1.00144 -1.36817
0.426794 -0.908312 -0.00400334 147.823 0.908738 0.426852 0.0136453 113.694 -0.0106715 -0.0094031 1.00155 -1.39686
0.425748 -0.908834 -0.000338146 148.171 0.909269 0.425863 0.0107897 114.465 -0.00964789 -0.00485076 1.0016 -1.3976
0.425339 -0.909044 0.00284578 148.53 0.909468 0.425485 0.0112136 115.241 -0.0113873 -0.0021367 1.0016 -1.38509
0.424381 -0.90951 0.0040105 148.882 0.909901 0.424535 0.0140321 116.023 -0.0144438 -0.00226143 1.00157 -1.37542
0.423268 -0.910051 0.00405407 149.237 0.910402 0.423415 0.0168689 116.815 -0.0170439 -0.00340299 1.00153 -1.36659
0.421757 -0.910779 0.00288935 149.617 0.911133 0.421882 0.0173371 117.581 -0.0169854 -0.0046302 1.00154 -1.37541
0.419638 -0.911781 0.00285353 149.998 0.912184 0.419774 0.0145297 118.345 -0.0144246 -0.00344614 1.00159 -1.37947
0.417768 -0.912658 0.00376372 150.365 0.913112 0.417924 0.010876 119.122 -0.0114808 -0.00106242 1.00164 -1.39657
0.416201 -0.913395 0.00418582 150.716 0.913883 0.416362 0.00813023 119.906 -0.00915313 0.000483932 1.00167 -1.40915
0.415092 -0.913908 0.00643642 151.05 0.914421 0.41527 0.0064246 120.698 -0.00852849 0.00325575 1.00168 -1.40844
0.414411 -0.91422 0.00884815 151.389 0.914763 0.4146 0.00479744 121.491 -0.00803825 0.00613695 1.00168 -1.37722
0.414286 -0.914308 0.00778329 151.729 0.914857 0.414463 0.00411592 122.282 -0.00697476 0.00544848 1.0017 -1.34215
0.413981 -0.914487 0.00528959 152.069 0.915031 0.414141 0.00409624 123.08 -0.00592459 0.00318286 1.00173 -1.31441
0.413691 -0.914656 0.00163464 152.408 0.915194 0.41383 0.00527865 123.886 -0.00549473 -0.000640443 1.00174 -1.3104
0.413345 -0.914836 -0.00168303 152.744 0.915376 0.413459 0.00739369 124.685 -0.00605913 -0.00454068 1.00174 -1.30645
0.412959 -0.91503 -0.00318984 153.081 0.915566 0.413047 0.0100018 125.474 -0.00782414 -0.00698945 1.00172 -1.31492
0.412756 -0.91514 -0.00434176 153.416 0.915672 0.412815 0.0122374 126.246 -0.00939509 -0.00896083 1.0017 -1.30763
0.412245 -0.915397 -0.00363737 153.759 0.915924 0.412306 0.0126324 127.01 -0.0100514 -0.00847396 1.00171 -1.27948
0.411315 -0.915825 -0.00619512 154.097 0.916381 0.411351 0.0127276 127.746 -0.00909756 -0.0108405 1.0017 -1.24525
0.410029 -0.916397 -0.00943942 154.423 0.917002 0.410042 0.0123242 128.479 -0.00741632 -0.0136299 1.00169 -1.21814
0.408439 -0.917104 -0.0117334 154.748 0.917737 0.408414 0.0137636 129.224 -0.00782407 -0.0163036 1.00165 -1.24033
0.40698 -0.917803 -0.00936159 155.071 0.918374 0.406927 0.0168581 129.956 -0.0116511 -0.0153747 1.00164 -1.29108
0.405925 -0.918331 -0.00437009 155.405 0.918796 0.405901 0.0198986 130.686 -0.0164802 -0.0120175 1.00163 -1.32728
0.404973 -0.918784 7.10937e-05 155.728 0.919179 0.405012 0.0215791 131.4 -0.0198299 -0.00860701 1.00161 -1.33094
0.404907 -0.918837 0.000318684 156.035 0.919212 0.404939 0.0227752 132.088 -0.0210285 -0.0088615 1.00159 -1.30065
0.405627 -0.918531 -0.00489514 156.333 0.91897 0.405552 0.0227885 132.76 -0.0189237 -0.0136619 1.00159 -1.26625
0.406695 -0.918062 -0.0079397 156.63 0.918603 0.406612 0.019657 133.43 -0.0148007 -0.0152016 1.00164 -1.22792
0.408162 -0.91743 -0.00849935 156.915 0.918056 0.408154 0.0137508 134.076 -0.00913589 -0.0133307 1.00174 -1.20455
0.411342 -0.91604 -0.00775978 157.186 0.916704 0.411408 0.00741797 134.703 -0.00359866 -0.010085 1.00182 -1.20908
0.416054 -0.91394 -0.00710957 157.45 0.914612 0.416157 0.00294236 135.323 0.000268967 -0.00765071 1.00186 -1.23463
0.423096 -0.910737 -0.0056597 157.712 0.911401 0.42317 0.00605963 135.943 -0.00312018 -0.00764676 1.00187 -1.27249
0.430027 -0.907517 -0.00467896 157.976 0.908143 0.43005 0.0120399 136.557 -0.00890384 -0.00934874 1.00183 -1.30505
0.435925 -0.904729 -0.00364308 158.252 0.905291 0.4359 0.0173759 137.139 -0.0141156 -0.0107924 1.00176 -1.31154
0.44171 -0.901941 -0.0048324 158.546 0.902496 0.441639 0.0192401 137.711 -0.0152016 -0.0127743 1.00173 -1.27036
0.447719 -0.898984 -0.00712878 158.827 0.899599 0.447631 0.0176681 138.285 -0.0126785 -0.0142326 1.00176 -1.22971
0.454231 -0.895711 -0.010057 159.107 0.896411 0.454155 0.014398 138.874 -0.00832163 -0.0154588 1.00179 -1.20597
0.460946 -0.892267 -0.0127692 159.394 0.893038 0.460904 0.0107894 139.474 -0.00374103 -0.0162757 1.00182 -1.20463
